1
2
3
3
5
5
6
7
8
10
10
11
12
14
14
16
16
17
19
19
21
22
22
22
22
25
25
25
27
30
30
32
34
35
36
37
37
37
41
41
42
42
43
44
44
44
44
45
45
46
46
46
47
48
49
49
51
51
51
51
54
54
54
54
55
56
56
56
57
58
58
59
59
59
60
61
64
64
65
65
67
67
68
69
70
71
71
73
73
73
74
74
75
76
77
77
77
78
78
79
80
82
83
85
85
85
85
86
86
86
88
88
89
91
93
94
95
96
96
98
99
100
101
101
101
103
104
104
104
105
106
106
108
110
111
112
115
115
116
116
117
118
120
122
122
122
126
126
127
127
129
130
132
132
132
132
133
133
134
134
135
135
135
136
139
139
139
139
140
142
143
144
144
145
145
146
146
147
151
152
153
154
155
155
156
157
158
158
159
160
164
164
165
166
167
168
168
169
170
171
172
173
176
177
177
179
179
179
179
179
179
180
181
182
183
186
188
189
192
192
193
193
194
196
197
198
198
200
201
202
204
205
205
205
208
209
209
210
212
214
217
218
220
221
221
221
222
223
226
226
227
227
228
230
231
231
233
233
234
234
234
236
237
241
241
242
243
244
244
244
245
247
247
248
249
250
251
252
253
253
257
258
258
259
260
261
263
263
264
264
265
266
267
267
270
271
271
272
272
273
275
275
277
278
278
279
279
279
281
284
284
286
286
287
291
291
291
291
292
294
295
296
296
297
299
299
300
301
301
301
301
303
304
305
306
306
306
307
308
309
310
312
313
315
315
317
318
319
320
321
323
325
325
326
327
328
328
329
330
330
331
331
331
331
331
331
332
333
334
334
335
335
338
339
341
345
345
346
346
347
348
349
349
350
351
351
351
352
352
354
354
357
357
359
360
360
364
364
366
367
368
368
368
369
370
371
371
373
375
375
377
378
378
380
380
380
380
382
383
384
384
385
386
386
386
386
388
388
388
390
391
392
392
392
392
393
393
394
394
395
396
396
396
398
398
399
400
403
404
407
408
409
411
413
416
417
417
418
418
419
421
422
423
423
424
425
426
426
427
427
428
429
430
433
434
435
435
436
437
438
439
440
441
441
441
443
444
444
444
446
446
447
448
451
451
452
452
453
453
454
454
456
456
459
460
461
463
463
463
463
464
465
465
466
466
468
471
471
473
476
476
477
477
478
479
486
488
491
492
492
494
494
494
496
497
497
497
499
500
500
501
503
505
507
509
509
512
513
514
516
516
517
517
517
518
519
520
521
522
523
526
528
530
531
531
532
532
534
534
535
535
535
536
540
540
541
543
544
544
544
544
546
546
549
550
550
551
556
556
558
560
561
562
562
566
566
566
568
571
573
576
576
577
578
579
583
586
587
592
593
595
597
597
599
600
601
601
602
603
603
603
603
605
605
605
605
607
609
610
613
614
614
615
615
615
616
617
618
618
619
620
620
623
624
625
626
626
630
631
631
632
634
636
636
636
638
640
641
642
642
643
643
643
643
644
644
645
648
648
648
649
650
650
650
650
651
654
656
656
658
659
660
661
662
662
662
666
668
668
668
669
671
672
673
674
676
677
677
678
680
681
681
682
683
683
685
685
685
686
688
688
688
689
689
690
691
693
693
694
696
696
696
699
700
701
702
702
703
704
705
707
708
708
710
714
716
719
720
720
720
720
721
721
721
723
723
724
726
727
728
728
729
731
732
733
733
734
734
735
735
737
738
738
739
740
740
741
743
745
749
749
750
750
752
753
753
755
756
756
757
758
759
761
761
761
762
763
766
769
770
772
772
774
775
776
777
778
778
779
779
779
780
780
781
782
784
785
785
787
787
788
791
791
793
795
795
795
796
798
798
798
798
798
800
802
802
802
804
804
806
808
809
809
809
810
811
812
812
816
817
818
818
822
822
824
826
830
831
832
832
834
834
838
838
839
844
846
846
846
847
849
849
850
851
851
851
851
852
853
853
854
855
855
856
857
859
859
859
860
862
862
864
864
864
864
866
867
867
868
870
871
871
872
878
879
881
881
884
885
885
885
887
887
887
888
889
889
889
889
890
892
892
895
896
896
897
897
897
898
898
899
900
904
904
904
905
906
908
908
909
909
910
911
911
912
912
912
912
913
913
915
918
918
921
922
922
922
923
924
926
929
929
932
935
936
939
941
943
943
943
943
946
947
948
948
949
950
952
956
956
958
959
962
962
963
964
965
965
968
969
969
970
970
971
974
979
979
980
980
980
981
985
988
988
991
993
994
995
996
996
999
1000
1000
1003
1003
1004
1005
1006
1009
1010
1010
1010
1012
1012
1013
1015
1015
1015
1016
1017
1018
1022
1022
1023
1023
1024
1027
1028
1029
1029
1032
1034
1035
1035
1036
1036
1038
1039
1039
1040
1040
1040
1040
1041
1043
1043
1043
1046
1046
1047
1047
1047
1048
1048
1048
1048
1049
1054
1057
1057
1058
1058
1058
1058
1062
1064
1064
1071
1073
1074
1074
1075
1076
1078
1078
1079
1081
1081
1082
1084
1084
1085
1086
1086
1086
1087
1087
1088
1089
1090
1091
1094
1095
1095
1096
1097
1097
1098
1099
1100
1104
1105
1106
1106
1107
1107
1108
1108
1108
1109
1109
1109
1111
1111
1112
1112
1113
1114
1114
1116
1117
1118
1118
1118
1119
1119
1122
1122
1123
1124
1125
1126
1127
1128
1135
1136
1136
1137
1138
1139
1140
1143
1144
1145
1145
1146
1147
1147
1150
1152
1153
1154
1155
1155
1157
1157
1158
1159
1161
1161
1162
1162
1163
1165
1165
1166
1166
1166
1167
1168
1168
1169
1170
1171
1171
1172
1173
1174
1174
1176
1176
1177
1179
1179
1180
1180
1182
1184
1184
1185
1187
1187
1187
1188
1188
1189
1189
1189
1189
1190
1191
1193
1194
1196
1198
1198
1199
1201
1201
1201
1202
1205
1208
1209
1210
1210
1211
1213
1213
1215
1216
1217
1219
1221
1222
1223
1223
1225
1225
1226
1226
1230
1231
1231
1232
1233
1233
1234
1234
1234
1236
1239
1239
1241
1241
1245
1245
1246
1247
1247
1248
1250
1250
1250
1250
1251
1252
1253
1253
1254
1254
1256
1256
1256
1258
1260
1262
1262
1263
1265
1267
1267
1268
1270
1271
1271
1272
1273
1275
1275
1281
1281
1283
1283
1285
1285
1286
1286
1287
1289
1292
1293
1294
1294
1297
1297
1298
1298
1298
1299
1300
1301
1301
1302
1302
1303
1305
1306
1306
1306
1307
1307
1309
1309
1310
1311
1312
1312
1313
1314
1314
1314
1315
1316
1317
1317
1320
1322
1324
1325
1326
1327
1329
1329
1329
1329
1330
1330
1332
1332
1333
1335
1335
1336
1336
1337
1337
1337
1337
1337
1338
1339
1340
1341
1341
1341
1342
1344
1345
1345
1345
1347
1348
1348
1349
1349
1351
1351
1353
1354
1356
1357
1357
1358
1359
1359
1362
1364
1365
1365
1366
1366
1367
1368
1369
1370
1370
1371
1371
1373
1374
1374
1374
1375
1375
1375
1375
1376
1377
1377
1378
1378
1379
1379
1380
1382
1382
1383
1384
1385
1385
1385
1386
1387
1388
1389
1389
1389
1392
1393
1393
1394
1398
1399
1400
1401
1405
1407
1409
1412
1412
1412
1413
1415
1415
1416
1417
1418
1418
1419
1419
1421
1422
1422
1423
1423
1424
1425
1425
1426
1427
1427
1428
1428
1429
1429
1429
1431
1434
1438
1439
1440
1441
1442
1442
1443
1443
1443
1444
1445
1449
1450
1450
1451
1454
1455
1456
1456
1456
1457
1458
1459
1460
1461
1462
1462
1462
1463
1464
1465
1466
1467
1467
1468
1469
1473
1473
1474
1475
1475
1476
1477
1478
1479
1479
1479
1479
1480
1481
1481
1482
1483
1484
1486
1487
1488
1489
1489
1490
1491
1491
1491
1492
1492
1493
1493
1494
1495
1495
1496
1499
1500
1500
1501
1502
1503
1503
1504
1505
1506
1506
1510
1512
1512
1512
1514
1515
1517
1517
1519
1519
1521
1522
1522
1523
1525
1525
1527
1528
1530
1531
1532
1532
1535
1535
1535
1536
1538
1539
1540
1540
1541
1541
1543
1546
1546
1546
1548
1548
1551
1551
1551
1551
1552
1553
1553
1554
1559
1559
1561
1566
1568
1569
1570
1571
1572
1573
1573
1575
1577
1577
1581
1584
1585
1585
1586
1586
1586
1587
1588
1588
1588
1589
1589
1590
1590
1591
1591
1591
1591
1591
1592
1592
1593
1594
1594
1597
1597
1597
1601
1602
1603
1603
1606
1608
1609
1610
1610
1612
1613
1613
1614
1615
1617
1617
1617
1618
1619
1620
1620
1620
1623
1624
1624
1625
1626
1628
1629
1630
1630
1630
1634
1635
1638
1639
1641
1641
1643
1644
1647
1649
1650
1652
1652
1654
1654
1654
1655
1657
1657
1658
1658
1661
1662
1662
1663
1664
1666
1668
1668
1668
1668
1669
1669
1669
1669
1669
1672
1673
1676
1676
1676
1679
1679
1680
1682
1684
1685
1685
1685
1686
1690
1690
1691
1693
1694
1695
1696
1697
1697
1697
1698
1700
1702
1702
1707
1708
1709
1709
1710
1712
1712
1715
1715
1716
1716
1716
1718
1720
1721
1723
1724
1724
1724
1725
1726
1727
1728
1728
1729
1730
1732
1732
1732
1734
1735
1735
1738
1739
1740
1740
1741
1742
1743
1744
1746
1750
1751
1751
1752
1755
1755
1756
1756
1758
1758
1759
1761
1765
1765
1766
1766
1767
1770
1773
1773
1773
1774
1776
1778
1779
1779
1780
1781
1782
1783
1783
1784
1784
1785
1785
1786
1791
1791
1792
1793
1793
1794
1794
1795
1796
1796
1796
1797
1797
1802
1804
1805
1806
1808
1808
1809
1809
1814
1816
1816
1820
1820
1822
1823
1823
1824
1826
1827
1827
1828
1829
1830
1831
1831
1831
1833
1833
1834
1837
1838
1839
1840
1841
1841
1842
1844
1845
1845
1848
1848
1849
1851
1852
1852
1853
1854
1854
1855
1856
1857
1857
1858
1859
1859
1861
1861
1863
1864
1865
1868
1869
1869
1870
1871
1871
1872
1872
1872
1874
1877
1879
1879
1879
1880
1881
1881
1883
1884
1884
1887
1888
1888
1889
1890
1892
1893
1893
1895
1895
1899
1899
1899
1902
1902
1903
1906
1909
1910
1911
1912
1913
1914
1918
1919
1920
1920
1921
1927
1927
1927
1929
1929
1930
1931
1933
1934
1935
1936
1937
1941
1941
1941
1943
1944
1944
1945
1945
1945
1946
1949
1950
1951
1951
1955
1955
1957
1959
1960
1961
1961
1964
1964
1964
1965
1965
1966
1968
1968
1969
1969
1969
1969
1970
1972
1972
1974
1974
1975
1976
1977
1978
1979
1979
1979
1979
1980
1980
1981
1983
1983
1984
1984
1987
1987
1987
1988
1988
1989
1989
1991
1991
1991
1993
1994
1997
1998
1999
1999
1999
2000
2001
2001
2005
2006
2008
2009
2009
2010
2012
2013
2014
2015
2015
2016
2017
2019
2019
2019
2021
2021
2021
2021
2021
2023
2023
2023
2024
2025
2025
2026
2027
2028
2028
2029
2029
2030
2032
2033
2034
2035
2036
2037
2037
2037
2038
2038
2039
2040
2041
2042
2043
2043
2044
2044
2045
2045
2046
2046
2047
2047
2048
2050
2050
2051
2051
2053
2054
2055
2057
2057
2057
2057
2061
2062
2063
2064
2070
2071
2071
2072
2072
2072
2073
2073
2074
2074
2076
2076
2077
2078
2079
2082
2084
2084
2085
2086
2086
2088
2089
2090
2091
2093
2094
2094
2095
2097
2098
2098
2098
2099
2100
2100
2101
2101
2104
2105
2106
2107
2108
2109
2110
2111
2113
2113
2113
2114
2116
2117
2119
2120
2121
2121
2121
2121
2122
2122
2123
2124
2125
2126
2127
2128
2129
2129
2129
2129
2131
2131
2132
2132
2132
2133
2134
2134
2135
2136
2136
2136
2137
2138
2139
2140
2141
2142
2143
2143
2147
2149
2149
2150
2154
2155
2155
2155
2156
2156
2158
2159
2159
2160
2162
2163
2163
2163
2164
2165
2166
2168
2169
2171
2171
2171
2171
2177
2179
2183
2184
2186
2187
2188
2188
2190
2190
2193
2193
2195
2195
2195
2197
2198
2198
2198
2199
2199
2199
2203
2204
2207
2207
2208
2208
2210
2211
2214
2217
2218
2222
2223
2224
2225
2228
2229
2230
2231
2231
2232
2233
2233
2233
2234
2235
2236
2237
2238
2238
2238
2239
2239
2240
2241
2241
2241
2242
2243
2244
2244
2245
2245
2246
2246
2249
2249
2249
2249
2249
2251
2251
2252
2252
2255
2256
2257
2258
2260
2260
2262
2263
2264
2265
2266
2266
2268
2269
2270
2271
2273
2274
2274
2274
2276
2278
2278
2279
2279
2279
2279
2280
2281
2281
2285
2285
2286
2287
2288
2289
2290
2292
2292
2293
2293
2294
2295
2295
2296
2296
2297
2297
2299
2299
2299
2300
2300
2301
2304
2304
2304
2305
2306
2306
2307
2308
2309
2309
2312
2313
2314
2314
2316
2318
2321
2322
2322
2323
2324
2324
2325
2327
2327
2329
2333
2335
2337
2342
2342
2345
2348
2349
2352
2353
2355
2356
2356
2357
2357
2359
2360
2362
2363
2364
2365
2367
2369
2369
2369
2370
2370
2370
2374
2374
2375
2376
2377
2377
2379
2379
2380
2380
2381
2382
2384
2386
2387
2387
2388
2388
2388
2389
2390
2390
2391
2394
2397
2397
2398
2398
2398
2399
2400
2404
2405
2407
2408
2410
2410
2411
2411
2412
2412
2413
2414
2414
2414
2415
2416
2416
2416
2416
2417
2417
2420
2420
2420
2421
2421
2421
2422
2427
2427
2428
2429
2431
2431
2435
2436
2438
2440
2441
2442
2442
2442
2443
2444
2446
2447
2447
2448
2448
2448
2449
2449
2450
2453
2454
2455
2456
2462
2465
2465
2468
2469
2470
2470
2471
2471
2472
2476
2476
2476
2477
2477
2480
2481
2483
2484
2485
2485
2485
2485
2486
2489
2491
2493
2494
2495
2499
2499
2499
2500
2500
2500
2500
2502
2505
2506
2506
2507
2507
2508
2508
2513
2515
2515
2516
2516
2518
2519
2521
2523
2524
2524
2526
2526
2527
2527
2528
2533
2533
2535
2535
2535
2536
2537
2537
2538
2538
2538
2538
2539
2539
2539
2540
2540
2540
2541
2542
2542
2543
2543
2545
2545
2548
2549
2552
2553
2553
2553
2553
2554
2554
2555
2555
2557
2559
2561
2562
2566
2566
2567
2568
2568
2570
2571
2573
2573
2574
2574
2575
2576
2577
2578
2579
2579
2580
2580
2582
2584
2584
2584
2584
2585
2585
2586
2587
2588
2590
2590
2592
2593
2594
2597
2598
2599
2601
2601
2601
2603
2603
2604
2604
2605
2605
2607
2610
2611
2612
2615
2617
2617
2618
2619
2619
2620
2620
2621
2624
2625
2626
2627
2629
2631
2631
2632
2632
2632
2632
2633
2633
2634
2635
2635
2635
2635
2636
2638
2640
2640
2643
2643
2643
2643
2644
2647
2647
2648
2649
2650
2650
2651
2652
2655
2655
2656
2656
2657
2658
2658
2661
2662
2662
2663
2663
2664
2664
2664
2665
2666
2668
2669
2669
2673
2675
2675
2675
2677
2677
2677
2678
2679
2679
2679
2680
2680
2680
2681
2682
2685
2685
2687
2687
2688
2690
2691
2691
2692
2692
2692
2692
2692
2693
2694
2694
2695
2697
2700
2701
2702
2703
2703
2703
2703
2704
2704
2704
2707
2708
2708
2708
2710
2712
2712
2715
2716
2717
2718
2718
2718
2719
2719
2721
2721
2721
2723
2724
2724
2725
2725
2726
2726
2727
2727
2730
2730
2730
2731
2732
2733
2733
2735
2736
2738
2739
2744
2744
2745
2745
2746
2746
2747
2747
2747
2748
2748
2748
2750
2751
2754
2755
2756
2756
2757
2759
2760
2760
2761
2763
2765
2766
2766
2766
2767
2771
2772
2773
2773
2776
2776
2777
2780
2780
2781
2781
2782
2784
2784
2789
2791
2792
2800
2800
2801
2803
2805
2805
2808
2809
2809
2811
2811
2812
2813
2813
2814
2815
2819
2819
2819
2820
2820
2820
2820
2820
2821
2823
2826
2826
2826
2827
2827
2828
2828
2830
2831
2832
2832
2834
2835
2836
2836
2836
2837
2838
2838
2838
2839
2840
2840
2843
2844
2845
2845
2845
2846
2846
2846
2846
2847
2849
2851
2851
2852
2852
2854
2856
2857
2857
2857
2858
2859
2859
2859
2859
2860
2861
2862
2863
2863
2863
2864
2864
2865
2867
2867
2868
2868
2868
2868
2869
2870
2871
2871
2872
2872
2875
2875
2875
2876
2876
2877
2878
2879
2881
2883
2883
2884
2889
2890
2890
2891
2892
2902
2902
2903
2903
2904
2904
2906
2906
2908
2908
2910
2910
2910
2911
2912
2913
2916
2917
2918
2920
2921
2923
2925
2926
2926
2928
2929
2930
2931
2932
2933
2934
2936
2936
2938
2939
2939
2940
2941
2941
2942
2943
2943
2946
2946
2946
2947
2947
2947
2947
2948
2950
2950
2951
2953
2954
2955
2956
2956
2959
2959
2961
2962
2962
2962
2964
2965
2966
2966
2968
2970
2971
2972
2972
2973
2974
2975
2978
2979
2980
2980
2982
2984
2985
2985
2985
2986
2986
2987
2987
2988
2988
2990
2993
2993
2994
2996
2996
2996
2996
2998
3002
3003
3006
3008
3009
3009
3009
3011
3012
3015
3017
3018
3019
3020
3022
3022
3023
3024
3025
3025
3025
3028
3029
3029
3032
3032
3034
3035
3037
3038
3039
3040
3040
3041
3042
3042
3044
3044
3045
3046
3047
3048
3048
3048
3048
3049
3050
3052
3052
3053
3054
3054
3058
3060
3061
3062
3062
3063
3064
3065
3066
3066
3067
3068
3068
3069
3070
3071
3073
3073
3073
3074
3074
3075
3077
3079
3079
3079
3080
3080
3081
3085
3089
3089
3091
3091
3092
3094
3094
3095
3095
3095
3097
3098
3098
3099
3101
3101
3102
3102
3103
3105
3105
3106
3107
3107
3108
3108
3108
3109
3110
3110
3112
3112
3112
3119
3119
3119
3120
3121
3121
3122
3122
3123
3125
3127
3127
3128
3128
3129
3129
3129
3129
3129
3132
3134
3134
3134
3136
3138
3138
3138
3139
3141
3141
3142
3142
3143
3145
3145
3147
3147
3149
3150
3154
3154
3155
3156
3157
3157
3157
3158
3159
3160
3160
3162
3162
3162
3163
3164
3164
3165
3165
3166
3166
3169
3170
3170
3171
3171
3172
3172
3174
3175
3175
3175
3175
3175
3180
3180
3181
3183
3185
3186
3187
3189
3189
3191
3191
3194
3195
3197
3197
3200
3201
3202
3203
3204
3207
3208
3209
3210
3213
3215
3215
3215
3217
3218
3218
3221
3221
3224
3226
3226
3227
3228
3229
3229
3230
3230
3230
3232
3232
3233
3235
3236
3236
3237
3238
3240
3240
3241
3241
3242
3242
3243
3243
3244
3245
3246
3247
3247
3253
3254
3255
3255
3255
3256
3257
3258
3259
3260
3261
3261
3263
3263
3265
3265
3268
3268
3268
3269
3269
3270
3272
3274
3275
3277
3277
3279
3279
3281
3281
3282
3282
3283
3283
3283
3286
3288
3288
3288
3289
3290
3292
3292
3292
3292
3294
3295
3296
3297
3299
3301
3301
3302
3302
3306
3306
3307
3307
3307
3308
3309
3309
3310
3312
3312
3312
3314
3314
3315
3315
3317
3319
3319
3319
3320
3322
3323
3324
3325
3325
3327
3328
3329
3332
3333
3333
3334
3334
3336
3336
3337
3338
3338
3339
3339
3340
3341
3341
3341
3342
3342
3342
3344
3346
3346
3346
3346
3346
3346
3350
3350
3351
3351
3352
3352
3352
3353
3353
3354
3354
3357
3362
3362
3364
3365
3365
3366
3366
3366
3368
3368
3370
3373
3373
3374
3374
3374
3374
3375
3375
3376
3380
3381
3381
3383
3386
3387
3387
3387
3388
3390
3391
3394
3394
3395
3396
3396
3398
3398
3398
3398
3398
3398
3399
3400
3400
3400
3401
3403
3404
3404
3404
3404
3404
3405
3406
3406
3410
3410
3412
3412
3413
3413
3414
3415
3416
3417
3420
3422
3423
3424
3425
3426
3427
3427
3427
3428
3429
3429
3430
3431
3432
3432
3433
3434
3435
3436
3436
3438
3441
3441
3441
3442
3444
3445
3446
3446
3446
3447
3447
3447
3448
3448
3449
3449
3449
3449
3449
3451
3451
3451
3452
3452
3452
3452
3453
3454
3454
3454
3455
3457
3458
3460
3461
3461
3462
3462
3462
3463
3465
3467
3468
3470
3470
3471
3471
3472
3473
3474
3474
3474
3475
3477
3480
3481
3484
3484
3484
3486
3487
3488
3491
3492
3493
3493
3495
3496
3496
3499
3500
3501
3501
3502
3502
3502
3504
3505
3506
3507
3511
3513
3513
3513
3513
3516
3516
3517
3518
3520
3520
3521
3523
3523
3523
3524
3525
3525
3529
3529
3530
3531
3532
3534
3536
3536
3537
3539
3539
3541
3541
3542
3543
3543
3545
3545
3546
3546
3547
3548
3549
3550
3550
3551
3551
3552
3553
3554
3555
3556
3556
3556
3557
3557
3558
3559
3560
3560
3561
3561
3563
3563
3563
3564
3565
3565
3566
3568
3570
3573
3573
3573
3577
3577
3577
3578
3579
3580
3580
3580
3580
3582
3583
3585
3586
3586
3586
3588
3588
3588
3590
3590
3591
3593
3595
3595
3596
3596
3598
3599
3600
3600
3600
3600
3601
3601
3602
3602
3602
3603
3605
3606
3609
3610
3610
3612
3613
3613
3615
3617
3618
3618
3618
3620
3620
3621
3621
3623
3623
3624
3625
3626
3626
3628
3628
3628
3630
3630
3631
3633
3633
3635
3636
3639
3639
3640
3640
3643
3644
3644
3644
3646
3646
3647
3648
3650
3650
3654
3654
3655
3657
3657
3658
3662
3663
3664
3664
3665
3666
3666
3667
3667
3667
3668
3668
3668
3669
3670
3670
3670
3670
3671
3672
3672
3673
3674
3676
3676
3676
3677
3678
3680
3681
3683
3685
3685
3688
3688
3689
3690
3690
3690
3694
3694
3694
3695
3696
3698
3699
3699
3699
3700
3700
3700
3704
3705
3705
3706
3707
3708
3708
3710
3710
3712
3713
3715
3717
3720
3721
3721
3722
3725
3726
3726
3727
3729
3730
3732
3732
3732
3732
3733
3733
3733
3733
3734
3736
3738
3739
3740
3740
3741
3741
3744
3745
3749
3750
3751
3751
3752
3753
3753
3754
3755
3758
3763
3764
3764
3764
3766
3766
3766
3767
3768
3768
3768
3769
3773
3773
3773
3774
3777
3777
3778
3781
3782
3782
3784
3784
3784
3784
3784
3785
3785
3787
3788
3789
3791
3792
3793
3795
3796
3798
3798
3798
3799
3800
3800
3801
3803
3803
3803
3804
3808
3809
3815
3815
3816
3816
3817
3817
3821
3821
3822
3822
3823
3823
3824
3824
3824
3826
3827
3829
3829
3829
3830
3830
3831
3834
3835
3835
3835
3836
3838
3838
3839
3841
3842
3843
3845
3847
3847
3849
3850
3851
3851
3852
3852
3856
3856
3856
3856
3857
3858
3858
3858
3858
3859
3860
3860
3862
3862
3863
3864
3865
3865
3866
3867
3868
3870
3870
3871
3871
3871
3872
3875
3877
3878
3878
3879
3879
3880
3882
3883
3883
3883
3883
3884
3884
3886
3886
3890
3890
3891
3892
3895
3895
3895
3895
3896
3897
3897
3898
3898
3900
3900
3902
3902
3902
3903
3903
3908
3910
3911
3915
3916
3917
3921
3923
3924
3924
3924
3925
3925
3926
3926
3927
3927
3928
3929
3930
3931
3933
3935
3935
3936
3936
3940
3940
3940
3942
3942
3943
3943
3943
3944
3944
3946
3946
3946
3946
3946
3948
3948
3948
3949
3949
3950
3951
3953
3954
3954
3956
3958
3958
3959
3960
3961
3964
3965
3965
3966
3967
3968
3968
3970
3974
3974
3975
3975
3975
3976
3977
3977
3977
3977
3978
3979
3981
3982
3983
3985
3989
3990
3991
3995
3995
3995
3999
3999
4000
4001
4002
4003
4003
4005
4006
4008
4008
4009
4011
4011
4013
4015
4017
4018
4019
4020
4020
4021
4022
4023
4023
4024
4025
4026
4027
4029
4031
4032
4035
4036
4036
4037
4038
4039
4041
4043
4045
4047
4047
4048
4049
4049
4052
4052
4053
4053
4054
4055
4055
4056
4060
4062
4064
4065
4067
4068
4071
4071
4072
4073
4074
4075
4076
4076
4076
4076
4076
4077
4079
4080
4083
4084
4086
4086
4087
4088
4088
4090
4091
4092
4092
4093
4093
4094
4095
4095
4095
4096
4098
4100
4101
4101
4104
4104
4104
4108
4110
4110
4111
4112
4112
4113
4114
4118
4120
4120
4120
4120
4120
4121
4122
4122
4122
4124
4126
4126
4128
4128
4129
4132
4133
4133
4133
4134
4134
4134
4135
4135
4137
4137
4138
4138
4141
4141
4142
4142
4144
4144
4145
4145
4146
4146
4147
4147
4148
4149
4151
4151
4152
4152
4155
4157
4158
4159
4159
4160
4160
4162
4162
4164
4164
4167
4168
4168
4168
4171
4171
4172
4173
4173
4177
4177
4179
4182
4183
4183
4183
4184
4184
4185
4185
4185
4188
4188
4190
4191
4193
4193
4195
4196
4196
4197
4198
4199
4199
4200
4200
4201
4205
4206
4208
4208
4209
4209
4209
4211
4212
4213
4214
4214
4215
4216
4216
4218
4218
4219
4219
4220
4221
4221
4221
4224
4224
4225
4225
4227
4228
4228
4229
4229
4229
4229
4230
4230
4232
4234
4235
4236
4237
4238
4238
4239
4239
4240
4240
4240
4241
4241
4242
4243
4244
4244
4245
4247
4248
4248
4248
4248
4248
4250
4252
4252
4253
4253
4253
4259
4260
4261
4263
4263
4264
4265
4265
4266
4266
4267
4269
4271
4275
4278
4278
4279
4282
4283
4288
4289
4289
4291
4291
4293
4295
4298
4300
4300
4301
4301
4301
4301
4303
4303
4305
4306
4306
4306
4307
4308
4308
4309
4310
4311
4312
4315
4316
4317
4321
4322
4324
4327
4329
4329
4331
4332
4332
4333
4333
4334
4334
4337
4338
4339
4340
4341
4345
4345
4345
4346
4346
4348
4351
4353
4354
4354
4354
4354
4355
4356
4356
4357
4358
4359
4360
4361
4361
4362
4363
4365
4365
4366
4368
4368
4369
4370
4371
4371
4372
4375
4376
4378
4378
4379
4380
4382
4383
4383
4385
4385
4386
4387
4388
4388
4388
4388
4393
4393
4393
4393
4394
4395
4398
4398
4400
4401
4402
4402
4403
4405
4406
4406
4406
4408
4408
4409
4410
4410
4412
4416
4417
4418
4422
4423
4424
4426
4428
4430
4430
4431
4431
4432
4432
4432
4433
4433
4435
4435
4436
4437
4437
4439
4440
4440
4442
4442
4446
4447
4448
4448
4448
4449
4449
4451
4452
4455
4456
4457
4457
4457
4459
4460
4464
4465
4465
4466
4469
4469
4469
4471
4471
4472
4473
4476
4476
4477
4478
4480
4480
4481
4481
4482
4484
4485
4485
4486
4486
4488
4488
4489
4490
4492
4492
4493
4496
4497
4498
4498
4498
4499
4499
4500
4501
4501
4501
4502
4503
4503
4504
4504
4504
4508
4509
4509
4509
4510
4515
4515
4515
4517
4518
4518
4518
4519
4519
4520
4520
4520
4520
4522
4522
4524
4524
4524
4524
4524
4525
4527
4530
4531
4531
4532
4532
4533
4534
4535
4535
4536
4536
4537
4538
4539
4539
4540
4541
4542
4542
4543
4543
4543
4544
4546
4547
4547
4547
4548
4548
4549
4550
4552
4553
4555
4556
4558
4558
4559
4560
4561
4563
4565
4566
4566
4567
4568
4568
4568
4568
4569
4570
4571
4573
4574
4574
4574
4576
4578
4578
4579
4580
4580
4582
4582
4584
4585
4587
4588
4589
4590
4590
4591
4594
4595
4598
4599
4600
4602
4606
4606
4607
4608
4611
4611
4611
4611
4612
4612
4612
4612
4613
4615
4617
4617
4618
4618
4620
4620
4620
4621
4622
4622
4622
4623
4623
4624
4625
4625
4626
4626
4626
4627
4628
4628
4628
4630
4630
4631
4632
4633
4634
4637
4637
4638
4639
4640
4641
4643
4643
4644
4644
4645
4645
4646
4647
4647
4649
4649
4650
4651
4651
4652
4653
4656
4656
4659
4659
4660
4660
4661
4662
4663
4663
4663
4664
4665
4665
4665
4665
4666
4666
4666
4666
4667
4667
4667
4668
4669
4670
4670
4670
4670
4671
4673
4674
4677
4678
4682
4683
4685
4685
4688
4688
4690
4690
4691
4694
4694
4694
4694
4695
4697
4698
4698
4699
4699
4700
4702
4702
4706
4706
4706
4708
4709
4710
4713
4714
4714
4718
4720
4721
4724
4724
4725
4728
4729
4729
4730
4730
4731
4731
4739
4739
4739
4741
4742
4744
4745
4749
4750
4750
4751
4751
4752
4753
4753
4754
4755
4757
4758
4760
4761
4761
4762
4765
4768
4768
4769
4769
4769
4769
4771
4773
4774
4775
4776
4777
4777
4777
4780
4781
4781
4782
4783
4787
4787
4787
4788
4788
4789
4790
4791
4791
4793
4793
4794
4795
4795
4796
4796
4796
4799
4800
4800
4803
4805
4806
4806
4807
4808
4808
4810
4814
4816
4817
4818
4818
4819
4819
4820
4820
4821
4821
4822
4822
4824
4824
4824
4825
4827
4827
4828
4829
4832
4833
4835
4837
4840
4840
4841
4842
4844
4844
4845
4846
4847
4849
4850
4850
4850
4852
4853
4854
4854
4854
4857
4859
4860
4861
4861
4862
4866
4868
4868
4869
4870
4872
4873
4875
4877
4877
4880
4881
4881
4884
4887
4891
4892
4893
4893
4893
4894
4895
4897
4897
4897
4898
4898
4899
4900
4901
4904
4904
4905
4906
4909
4909
4909
4910
4911
4911
4913
4916
4916
4919
4921
4921
4923
4923
4924
4925
4926
4926
4927
4929
4929
4931
4932
4935
4935
4935
4935
4936
4937
4938
4940
4941
4942
4942
4944
4945
4945
4946
4947
4947
4947
4948
4948
4948
4949
4952
4953
4953
4955
4961
4961
4961
4962
4963
4964
4967
4968
4970
4970
4973
4973
4974
4975
4976
4976
4977
4978
4978
4979
4980
4981
4981
4981
4982
4983
4984
4985
4985
4986
4989
4989
4989
4989
4989
4989
4989
4990
4990
4992
4994
4996
4998
4999
5001
5001
5001
5002
5003
5004
5004
5007
5010
5010
5010
5013
5014
5014
5018
5019
5020
5020
5021
5021
5022
5023
5023
5025
5026
5027
5029
5029
5031
5032
5034
5034
5035
5035
5036
5036
5038
5039
5039
5041
5042
5044
5047
5049
5049
5049
5051
5052
5053
5053
5054
5054
5055
5056
5060
5061
5062
5062
5062
5063
5064
5064
5065
5066
5067
5069
5072
5072
5073
5074
5074
5074
5076
5077
5078
5078
5080
5080
5082
5082
5084
5084
5087
5087
5087
5088
5090
5090
5090
5092
5092
5092
5093
5093
5095
5096
5097
5098
5098
5099
5100
5102
5102
5103
5103
5106
5106
5107
5108
5110
5111
5112
5112
5113
5115
5115
5116
5116
5116
5117
5117
5120
5120
5121
5121
5122
5123
5125
5126
5126
5127
5129
5131
5131
5132
5133
5136
5137
5138
5141
5141
5142
5143
5144
5144
5145
5145
5147
5148
5149
5152
5152
5153
5155
5155
5156
5157
5159
5161
5161
5166
5166
5170
5172
5172
5176
5176
5177
5178
5180
5180
5180
5180
5180
5181
5181
5183
5183
5183
5185
5186
5188
5191
5192
5193
5194
5195
5195
5196
5196
5198
5199
5199
5200
5201
5201
5203
5208
5208
5209
5210
5211
5211
5211
5211
5211
5212
5212
5212
5212
5212
5213
5214
5214
5216
5216
5217
5220
5222
5223
5223
5224
5225
5225
5226
5227
5232
5233
5235
5236
5237
5237
5237
5237
5237
5238
5239
5239
5239
5240
5240
5241
5242
5244
5245
5245
5245
5246
5246
5246
5248
5248
5249
5249
5250
5251
5252
5252
5252
5252
5253
5253
5254
5254
5258
5258
5259
5261
5262
5263
5265
5266
5268
5270
5271
5272
5272
5272
5273
5275
5275
5277
5277
5278
5278
5278
5279
5281
5281
5284
5284
5284
5286
5287
5288
5289
5289
5291
5294
5295
5295
5295
5295
5298
5299
5299
5299
5300
5300
5301
5301
5301
5302
5303
5304
5304
5304
5304
5306
5306
5309
5309
5313
5313
5315
5315
5317
5317
5319
5319
5320
5321
5323
5324
5327
5327
5328
5329
5331
5332
5333
5333
5334
5335
5335
5337
5337
5338
5340
5341
5343
5344
5345
5346
5347
5348
5349
5351
5352
5353
5353
5354
5354
5355
5356
5356
5357
5357
5358
5359
5359
5361
5361
5361
5364
5364
5364
5365
5366
5366
5367
5367
5369
5369
5370
5371
5371
5371
5372
5373
5373
5373
5373
5374
5376
5377
5377
5377
5377
5377
5378
5379
5380
5381
5381
5381
5383
5384
5385
5387
5387
5388
5388
5389
5389
5390
5390
5391
5392
5393
5393
5395
5395
5395
5399
5399
5401
5403
5405
5406
5408
5409
5409
5409
5409
5410
5411
5413
5414
5415
5416
5416
5418
5420
5420
5420
5421
5422
5422
5423
5425
5425
5425
5425
5426
5427
5428
5428
5428
5429
5431
5432
5434
5435
5437
5438
5439
5439
5440
5440
5441
5445
5447
5449
5450
5451
5451
5452
5453
5454
5454
5455
5456
5456
5457
5459
5459
5459
5460
5462
5464
5464
5467
5468
5471
5472
5472
5473
5475
5476
5479
5480
5481
5482
5483
5486
5486
5488
5490
5491
5493
5494
5494
5496
5497
5498
5498
5499
5501
5502
5503
5503
5504
5504
5505
5506
5506
5507
5507
5508
5508
5511
5513
5514
5518
5521
5521
5521
5523
5524
5526
5529
5530
5531
5531
5532
5532
5533
5533
5533
5534
5534
5536
5537
5538
5540
5541
5541
5542
5543
5544
5544
5544
5545
5546
5547
5548
5551
5552
5552
5554
5554
5554
5557
5559
5560
5560
5561
5562
5564
5565
5566
5566
5567
5567
5567
5573
5574
5576
5578
5579
5579
5580
5580
5583
5583
5585
5586
5586
5586
5588
5589
5589
5591
5591
5591
5593
5593
5593
5594
5594
5595
5596
5596
5596
5596
5596
5597
5597
5601
5602
5603
5603
5604
5605
5606
5607
5607
5609
5610
5615
5615
5616
5616
5616
5616
5620
5620
5621
5625
5625
5625
5626
5627
5630
5630
5631
5631
5632
5632
5632
5632
5633
5634
5634
5635
5636
5636
5637
5637
5638
5639
5640
5645
5645
5646
5646
5648
5648
5649
5649
5651
5652
5652
5652
5654
5655
5656
5660
5660
5663
5663
5665
5665
5665
5666
5666
5667
5668
5668
5670
5672
5672
5673
5673
5675
5676
5678
5679
5679
5681
5682
5683
5683
5683
5685
5685
5688
5689
5690
5690
5690
5691
5693
5696
5697
5699
5699
5699
5700
5701
5702
5702
5702
5703
5703
5704
5704
5705
5705
5706
5707
5709
5709
5710
5711
5713
5713
5714
5715
5717
5718
5718
5720
5721
5722
5725
5725
5729
5730
5731
5732
5732
5734
5735
5736
5737
5740
5740
5740
5740
5741
5741
5741
5742
5742
5745
5747
5747
5748
5750
5750
5750
5751
5752
5752
5752
5752
5753
5753
5753
5753
5753
5754
5754
5758
5761
5762
5762
5764
5765
5765
5767
5770
5771
5772
5772
5774
5776
5776
5776
5777
5778
5781
5781
5781
5782
5785
5786
5786
5786
5786
5787
5790
5792
5793
5793
5794
5795
5796
5796
5798
5799
5799
5801
5805
5806
5807
5808
5810
5810
5811
5811
5813
5813
5815
5815
5816
5818
5819
5819
5820
5821
5821
5821
5822
5823
5823
5823
5825
5825
5826
5827
5828
5828
5831
5831
5831
5832
5832
5833
5833
5834
5834
5837
5837
5837
5838
5841
5842
5842
5843
5843
5843
5843
5844
5845
5845
5847
5847
5848
5848
5849
5850
5850
5852
5853
5854
5854
5854
5856
5857
5859
5859
5859
5860
5862
5862
5864
5864
5866
5868
5869
5869
5870
5871
5871
5871
5871
5873
5874
5874
5875
5876
5876
5876
5876
5878
5878
5878
5879
5881
5882
5885
5885
5885
5885
5885
5889
5890
5891
5892
5892
5892
5892
5893
5893
5894
5894
5895
5895
5896
5897
5899
5900
5901
5901
5902
5903
5903
5904
5905
5909
5910
5911
5914
5914
5914
5917
5917
5918
5919
5923
5924
5925
5927
5929
5930
5930
5931
5932
5932
5933
5935
5935
5937
5941
5943
5944
5948
5948
5949
5950
5950
5951
5952
5952
5953
5953
5955
5955
5956
5956
5958
5958
5958
5960
5961
5962
5963
5964
5964
5965
5967
5968
5969
5972
5972
5973
5974
5975
5976
5979
5980
5981
5983
5984
5987
5987
5988
5992
5994
5994
5995
5995
5997
5998
5998
5998
6001
6001
6001
6002
6003
6003
6005
6005
6006
6006
6008
6009
6010
6011
6011
6012
6012
6013
6015
6016
6018
6018
6020
6020
6020
6020
6021
6022
6023
6023
6024
6025
6026
6026
6030
6031
6033
6033
6033
6034
6034
6034
6036
6036
6036
6037
6037
6037
6038
6038
6040
6042
6042
6043
6043
6043
6044
6045
6045
6047
6047
6047
6048
6049
6052
6052
6056
6056
6056
6057
6058
6060
6061
6061
6064
6064
6065
6066
6066
6066
6067
6069
6070
6070
6071
6073
6074
6079
6080
6081
6081
6082
6082
6083
6086
6094
6094
6096
6097
6098
6098
6099
6103
6103
6103
6106
6108
6109
6111
6112
6112
6113
6115
6117
6118
6118
6118
6119
6120
6120
6121
6121
6121
6124
6125
6126
6126
6128
6128
6128
6128
6130
6131
6131
6131
6132
6132
6134
6136
6137
6138
6139
6139
6141
6142
6142
6142
6145
6145
6145
6146
6147
6149
6149
6150
6151
6152
6153
6154
6155
6157
6157
6158
6159
6160
6162
6163
6165
6165
6167
6168
6169
6170
6170
6170
6173
6174
6174
6174
6174
6175
6176
6177
6178
6184
6185
6185
6186
6186
6186
6191
6192
6194
6194
6195
6196
6197
6197
6197
6197
6200
6200
6202
6202
6202
6203
6205
6205
6205
6206
6207
6209
6209
6211
6211
6213
6214
6215
6215
6219
6219
6219
6219
6219
6221
6221
6221
6221
6221
6223
6224
6226
6227
6228
6229
6233
6235
6237
6240
6240
6241
6241
6241
6242
6242
6243
6244
6247
6247
6247
6249
6250
6250
6253
6257
6257
6259
6260
6260
6260
6260
6261
6264
6264
6264
6265
6266
6267
6268
6272
6273
6273
6276
6276
6277
6280
6281
6281
6282
6282
6282
6284
6285
6285
6285
6285
6286
6287
6288
6289
6291
6292
6294
6295
6295
6301
6302
6304
6304
6304
6305
6305
6305
6307
6307
6307
6309
6310
6310
6310
6310
6311
6311
6313
6313
6314
6314
6314
6314
6316
6317
6317
6320
6320
6321
6325
6327
6327
6328
6330
6331
6332
6332
6332
6333
6337
6338
6339
6341
6342
6345
6346
6346
6349
6349
6350
6350
6350
6351
6353
6354
6356
6356
6356
6358
6361
6361
6362
6362
6363
6363
6364
6365
6366
6366
6368
6369
6369
6371
6371
6372
6372
6373
6373
6373
6377
6378
6378
6380
6380
6380
6381
6381
6381
6382
6382
6382
6384
6384
6384
6387
6388
6389
6390
6392
6393
6393
6395
6396
6396
6396
6399
6401
6402
6404
6405
6405
6406
6406
6409
6415
6416
6417
6418
6418
6419
6419
6419
6419
6422
6423
6423
6425
6426
6430
6432
6434
6434
6434
6435
6437
6437
6438
6442
6443
6444
6445
6445
6446
6446
6447
6447
6447
6448
6449
6449
6450
6450
6452
6452
6455
6455
6455
6456
6457
6460
6462
6462
6463
6463
6464
6465
6465
6465
6466
6467
6469
6469
6470
6471
6471
6471
6473
6474
6477
6479
6479
6482
6482
6483
6483
6483
6483
6484
6484
6486
6488
6488
6489
6490
6490
6490
6491
6491
6492
6494
6494
6497
6497
6499
6499
6500
6500
6500
6501
6502
6504
6505
6513
6514
6515
6515
6516
6517
6517
6518
6518
6518
6520
6520
6520
6521
6522
6523
6523
6524
6524
6525
6527
6528
6528
6530
6532
6533
6533
6533
6534
6534
6534
6537
6537
6537
6537
6538
6538
6538
6540
6540
6541
6541
6541
6542
6542
6543
6543
6543
6544
6545
6548
6549
6549
6549
6550
6550
6550
6551
6551
6551
6553
6554
6554
6554
6556
6556
6556
6558
6561
6561
6561
6562
6562
6564
6566
6567
6568
6568
6568
6569
6569
6569
6570
6570
6571
6571
6572
6574
6574
6575
6576
6577
6578
6579
6581
6583
6583
6584
6584
6585
6586
6587
6588
6588
6589
6591
6591
6593
6594
6594
6594
6595
6596
6596
6597
6597
6599
6600
6600
6600
6603
6603
6604
6604
6607
6608
6611
6611
6612
6614
6614
6617
6618
6618
6622
6623
6623
6623
6626
6629
6632
6633
6633
6634
6636
6636
6637
6637
6639
6639
6640
6642
6644
6645
6646
6647
6648
6649
6649
6649
6650
6651
6651
6652
6652
6653
6653
6654
6654
6654
6654
6657
6657
6658
6659
6660
6661
6661
6665
6665
6667
6668
6670
6672
6674
6675
6676
6676
6677
6677
6678
6678
6679
6680
6680
6681
6683
6683
6683
6684
6684
6686
6687
6688
6690
6690
6691
6691
6692
6692
6693
6693
6699
6699
6699
6700
6701
6702
6706
6706
6707
6707
6707
6707
6710
6711
6712
6713
6713
6713
6714
6714
6717
6718
6719
6723
6725
6726
6727
6728
6728
6730
6732
6732
6734
6734
6735
6736
6737
6737
6739
6739
6739
6740
6741
6741
6743
6747
6747
6748
6750
6750
6750
6751
6753
6753
6757
6758
6758
6758
6759
6759
6761
6764
6765
6766
6769
6770
6770
6771
6772
6776
6776
6776
6778
6780
6780
6781
6785
6787
6787
6787
6788
6790
6790
6791
6792
6794
6795
6797
6798
6799
6801
6801
6801
6803
6804
6804
6806
6808
6809
6809
6811
6811
6811
6812
6812
6812
6814
6815
6817
6817
6820
6821
6822
6822
6823
6824
6824
6826
6827
6828
6832
6832
6833
6835
6835
6838
6839
6839
6841
6841
6841
6842
6843
6843
6844
6845
6845
6849
6849
6850
6850
6856
6857
6858
6860
6861
6862
6863
6863
6865
6866
6866
6869
6870
6870
6871
6871
6873
6873
6875
6875
6876
6876
6877
6877
6878
6879
6880
6885
6886
6886
6888
6889
6890
6891
6891
6891
6892
6892
6893
6895
6895
6896
6897
6898
6898
6899
6901
6901
6902
6902
6903
6904
6905
6905
6906
6908
6910
6911
6911
6912
6914
6914
6915
6915
6915
6916
6916
6917
6918
6920
6921
6921
6922
6923
6923
6924
6924
6925
6926
6927
6927
6929
6929
6929
6930
6934
6934
6935
6937
6941
6941
6941
6942
6943
6945
6950
6951
6951
6951
6954
6954
6961
6962
6964
6965
6965
6967
6970
6971
6972
6972
6973
6973
6974
6974
6974
6975
6975
6975
6975
6976
6978
6979
6981
6984
6984
6985
6986
6988
6988
6990
6991
6991
6992
6993
6994
6994
6994
6995
6995
6996
6996
6998
7000
7000
7004
7005
7005
7006
7008
7008
7009
7009
7011
7013
7014
7015
7015
7015
7015
7020
7021
7025
7027
7028
7029
7029
7031
7032
7034
7034
7034
7037
7038
7038
7039
7040
7044
7045
7045
7047
7048
7049
7049
7049
7050
7051
7051
7052
7053
7057
7057
7057
7058
7058
7058
7059
7059
7059
7060
7060
7064
7066
7068
7069
7069
7071
7072
7074
7079
7080
7082
7083
7083
7085
7086
7087
7087
7089
7089
7090
7091
7094
7097
7097
7098
7099
7101
7102
7105
7105
7106
7109
7109
7110
7110
7111
7112
7113
7116
7118
7120
7120
7120
7122
7122
7124
7125
7125
7127
7130
7131
7134
7135
7135
7139
7139
7140
7140
7141
7142
7144
7144
7146
7146
7146
7147
7148
7148
7149
7150
7154
7155
7155
7156
7157
7157
7157
7157
7159
7160
7161
7162
7163
7164
7164
7165
7166
7167
7167
7169
7170
7173
7174
7175
7175
7175
7175
7180
7180
7181
7181
7183
7184
7185
7185
7185
7187
7188
7188
7194
7196
7197
7197
7198
7198
7198
7199
7200
7200
7200
7201
7202
7207
7207
7208
7209
7210
7210
7212
7213
7213
7214
7216
7218
7219
7221
7221
7221
7221
7224
7224
7224
7225
7229
7230
7232
7233
7234
7235
7236
7239
7241
7244
7244
7246
7246
7246
7246
7246
7247
7252
7254
7255
7255
7256
7256
7256
7257
7258
7260
7261
7262
7263
7264
7265
7265
7265
7268
7269
7269
7269
7271
7273
7274
7274
7275
7277
7279
7280
7281
7281
7282
7284
7284
7285
7286
7286
7287
7288
7288
7290
7290
7290
7292
7293
7293
7294
7295
7295
7297
7298
7300
7301
7301
7303
7305
7307
7307
7307
7308
7311
7311
7312
7313
7313
7315
7316
7317
7318
7318
7318
7319
7321
7322
7325
7326
7328
7329
7330
7330
7331
7331
7331
7332
7332
7333
7334
7336
7336
7337
7337
7337
7338
7338
7338
7339
7339
7340
7341
7345
7345
7346
7346
7346
7347
7347
7348
7350
7351
7351
7352
7353
7354
7357
7357
7359
7360
7360
7361
7362
7363
7364
7365
7367
7368
7368
7368
7369
7372
7372
7372
7372
7373
7376
7378
7378
7379
7379
7381
7382
7383
7384
7384
7384
7386
7387
7388
7388
7388
7390
7390
7391
7392
7395
7395
7395
7395
7395
7396
7397
7397
7399
7400
7402
7402
7402
7402
7403
7403
7404
7405
7405
7406
7406
7407
7409
7412
7414
7414
7414
7414
7415
7416
7417
7418
7421
7421
7422
7425
7427
7427
7429
7429
7430
7430
7433
7433
7433
7433
7433
7433
7434
7435
7436
7439
7440
7441
7441
7443
7444
7445
7445
7445
7445
7447
7447
7448
7448
7448
7449
7450
7451
7453
7453
7454
7454
7455
7456
7457
7459
7461
7463
7464
7465
7466
7466
7469
7469
7471
7475
7476
7476
7476
7477
7477
7479
7480
7481
7482
7484
7485
7485
7486
7487
7487
7487
7489
7489
7492
7493
7493
7494
7494
7494
7495
7496
7497
7497
7498
7498
7499
7501
7501
7503
7506
7507
7509
7509
7509
7510
7512
7514
7514
7514
7515
7515
7516
7517
7517
7518
7518
7519
7519
7519
7520
7520
7520
7523
7524
7524
7526
7526
7528
7529
7531
7531
7532
7533
7535
7535
7536
7537
7540
7542
7543
7543
7544
7544
7546
7546
7546
7551
7551
7553
7554
7558
7558
7559
7559
7560
7560
7560
7561
7561
7561
7562
7563
7564
7565
7565
7566
7570
7572
7572
7573
7573
7574
7574
7575
7576
7576
7576
7577
7579
7579
7582
7582
7582
7582
7584
7584
7586
7587
7587
7590
7592
7593
7594
7597
7597
7597
7598
7600
7601
7601
7601
7604
7605
7605
7605
7607
7609
7610
7611
7612
7612
7616
7616
7616
7617
7618
7619
7621
7623
7624
7624
7625
7625
7628
7628
7629
7632
7633
7634
7635
7635
7636
7636
7636
7637
7637
7637
7639
7640
7640
7641
7643
7643
7644
7646
7648
7648
7649
7651
7651
7652
7653
7653
7653
7655
7656
7657
7658
7659
7659
7660
7661
7663
7665
7665
7666
7666
7668
7668
7669
7669
7670
7673
7674
7675
7675
7676
7677
7678
7679
7680
7680
7682
7683
7683
7683
7684
7684
7684
7686
7686
7689
7689
7691
7692
7694
7695
7697
7700
7700
7700
7703
7703
7703
7704
7705
7707
7707
7708
7711
7711
7712
7713
7714
7716
7720
7721
7723
7724
7724
7725
7726
7728
7729
7729
7731
7732
7732
7732
7733
7734
7737
7739
7740
7742
7743
7748
7753
7755
7755
7755
7756
7756
7758
7758
7761
7761
7761
7761
7766
7766
7767
7771
7771
7772
7773
7773
7775
7776
7776
7777
7778
7780
7780
7780
7783
7785
7785
7786
7786
7787
7787
7788
7788
7790
7791
7792
7793
7795
7798
7802
7803
7804
7804
7804
7804
7808
7809
7811
7811
7811
7812
7812
7813
7814
7815
7815
7816
7818
7819
7822
7822
7822
7825
7826
7831
7833
7834
7837
7839
7839
7843
7843
7844
7845
7849
7849
7849
7850
7851
7851
7852
7852
7852
7854
7856
7858
7861
7862
7863
7864
7865
7865
7866
7868
7868
7868
7868
7870
7871
7874
7875
7876
7876
7878
7878
7879
7879
7879
7880
7882
7884
7886
7888
7889
7889
7891
7894
7895
7896
7896
7897
7898
7898
7899
7900
7901
7901
7902
7902
7902
7902
7902
7902
7903
7904
7904
7906
7906
7907
7907
7911
7911
7912
7912
7912
7912
7912
7913
7913
7913
7915
7915
7918
7919
7920
7921
7922
7922
7922
7923
7923
7923
7924
7925
7926
7928
7928
7930
7931
7932
7933
7933
7934
7935
7935
7938
7939
7939
7939
7939
7939
7940
7948
7948
7948
7949
7949
7950
7951
7952
7952
7952
7956
7957
7957
7957
7958
7959
7961
7962
7963
7964
7966
7968
7968
7971
7972
7975
7976
7976
7976
7977
7977
7979
7979
7980
7981
7981
7981
7981
7981
7984
7986
7988
7989
7990
7991
7991
7993
7993
7995
7999
8000
8006
8007
8008
8009
8012
8015
8017
8019
8020
8021
8022
8022
8023
8026
8028
8030
8031
8031
8035
8035
8035
8035
8036
8037
8037
8039
8039
8040
8041
8042
8044
8044
8044
8047
8048
8052
8053
8053
8053
8055
8055
8056
8057
8058
8060
8060
8061
8061
8061
8064
8064
8064
8064
8066
8067
8067
8067
8068
8069
8070
8070
8072
8073
8074
8075
8076
8077
8077
8078
8078
8078
8079
8081
8081
8081
8081
8084
8084
8086
8089
8089
8090
8091
8092
8092
8093
8093
8093
8093
8094
8095
8096
8097
8097
8098
8099
8099
8100
8101
8101
8102
8103
8103
8106
8108
8109
8109
8110
8111
8113
8115
8115
8116
8118
8119
8121
8122
8123
8128
8128
8128
8130
8131
8132
8134
8137
8139
8141
8144
8144
8145
8145
8147
8149
8149
8149
8150
8150
8150
8150
8150
8150
8151
8151
8152
8152
8152
8152
8154
8155
8156
8157
8158
8158
8160
8162
8163
8163
8165
8166
8167
8168
8169
8170
8170
8171
8171
8172
8173
8173
8173
8175
8175
8176
8176
8177
8177
8177
8178
8178
8181
8182
8182
8183
8183
8185
8185
8192
8193
8194
8194
8195
8195
8196
8198
8198
8199
8199
8200
8202
8203
8203
8205
8205
8205
8206
8206
8207
8207
8208
8211
8211
8212
8212
8212
8214
8218
8218
8219
8220
8221
8221
8222
8222
8225
8227
8228
8231
8232
8233
8236
8238
8239
8240
8242
8242
8242
8245
8245
8249
8250
8251
8252
8254
8256
8256
8256
8260
8261
8263
8265
8265
8266
8266
8267
8268
8268
8269
8274
8277
8278
8279
8279
8280
8283
8284
8285
8290
8291
8291
8293
8294
8294
8294
8295
8297
8298
8299
8300
8302
8303
8304
8306
8307
8308
8309
8310
8312
8312
8316
8316
8319
8320
8320
8320
8320
8321
8321
8323
8324
8326
8326
8328
8328
8329
8330
8333
8335
8335
8335
8336
8336
8337
8337
8337
8339
8339
8339
8341
8342
8342
8342
8346
8346
8347
8350
8351
8352
8352
8353
8353
8355
8355
8358
8360
8361
8361
8362
8362
8363
8364
8365
8367
8367
8369
8369
8372
8373
8377
8378
8378
8379
8379
8382
8383
8383
8384
8384
8384
8384
8384
8387
8388
8388
8389
8389
8390
8392
8392
8392
8393
8395
8397
8397
8399
8402
8402
8403
8403
8403
8404
8404
8404
8407
8409
8410
8411
8411
8411
8412
8414
8417
8417
8417
8419
8419
8419
8420
8420
8421
8422
8422
8423
8425
8426
8426
8426
8427
8428
8431
8432
8433
8434
8434
8435
8437
8437
8438
8438
8441
8441
8441
8444
8444
8445
8446
8446
8446
8447
8447
8447
8448
8449
8449
8451
8452
8452
8454
8454
8457
8458
8458
8459
8462
8463
8463
8464
8464
8464
8464
8465
8465
8466
8467
8468
8470
8470
8470
8471
8471
8472
8472
8473
8473
8474
8474
8478
8479
8480
8480
8481
8482
8483
8483
8483
8484
8484
8485
8487
8488
8488
8488
8489
8490
8490
8491
8492
8492
8494
8495
8497
8497
8497
8499
8500
8501
8503
8503
8504
8505
8507
8509
8510
8510
8513
8513
8517
8517
8519
8520
8521
8524
8527
8528
8530
8531
8533
8533
8533
8533
8535
8536
8537
8538
8540
8542
8543
8543
8544
8545
8545
8545
8545
8547
8548
8549
8549
8550
8551
8551
8551
8551
8553
8553
8554
8556
8556
8557
8558
8560
8561
8562
8563
8564
8564
8566
8566
8567
8568
8568
8569
8569
8571
8571
8572
8579
8579
8579
8580
8582
8582
8583
8583
8585
8586
8586
8587
8590
8592
8592
8594
8594
8595
8596
8599
8605
8612
8612
8613
8613
8613
8613
8614
8615
8615
8616
8617
8618
8620
8620
8621
8621
8622
8623
8623
8623
8624
8624
8624
8630
8632
8632
8635
8635
8637
8638
8639
8639
8640
8640
8642
8643
8645
8645
8645
8646
8647
8648
8649
8651
8652
8652
8654
8655
8655
8655
8656
8656
8656
8657
8658
8658
8660
8662
8662
8664
8664
8666
8666
8667
8668
8668
8669
8669
8670
8670
8672
8672
8672
8673
8675
8675
8676
8679
8682
8684
8685
8686
8690
8694
8694
8694
8695
8696
8697
8697
8699
8699
8701
8701
8703
8707
8707
8708
8708
8710
8710
8710
8711
8712
8716
8716
8716
8717
8718
8718
8718
8720
8721
8721
8723
8723
8724
8725
8727
8728
8729
8731
8732
8735
8738
8740
8740
8742
8744
8744
8746
8746
8747
8750
8753
8757
8758
8760
8760
8760
8764
8765
8767
8768
8771
8772
8773
8774
8774
8775
8776
8777
8778
8779
8779
8779
8779
8779
8781
8782
8782
8783
8785
8787
8788
8788
8789
8790
8792
8792
8793
8794
8796
8797
8797
8798
8798
8799
8800
8800
8800
8801
8801
8803
8803
8808
8810
8810
8811
8811
8811
8812
8813
8814
8816
8816
8817
8817
8818
8818
8824
8825
8826
8826
8827
8828
8830
8830
8832
8833
8834
8834
8834
8836
8839
8839
8840
8840
8841
8841
8845
8845
8845
8845
8847
8847
8848
8849
8850
8852
8852
8852
8855
8855
8855
8855
8860
8862
8862
8866
8867
8868
8871
8872
8873
8875
8876
8877
8877
8877
8880
8880
8881
8882
8882
8883
8883
8886
8892
8892
8893
8893
8894
8895
8896
8897
8897
8898
8900
8900
8901
8901
8904
8904
8905
8906
8907
8908
8908
8908
8911
8911
8911
8911
8917
8918
8919
8920
8926
8927
8927
8928
8928
8928
8929
8932
8933
8934
8934
8935
8936
8936
8936
8937
8939
8940
8940
8941
8945
8945
8945
8947
8948
8949
8950
8950
8952
8953
8955
8955
8957
8958
8959
8961
8961
8962
8963
8963
8965
8965
8965
8966
8966
8967
8967
8969
8969
8971
8972
8973
8974
8976
8977
8977
8978
8978
8979
8980
8981
8982
8983
8983
8984
8985
8985
8986
8991
8992
8993
8993
8993
8994
8994
8994
8997
9000
9001
9002
9002
9004
9006
9007
9007
9007
9008
9008
9009
9010
9010
9012
9012
9012
9015
9016
9017
9019
9020
9021
9024
9024
9029
9033
9034
9034
9036
9036
9036
9039
9039
9041
9043
9044
9046
9046
9049
9051
9054
9055
9056
9056
9064
9066
9067
9067
9068
9070
9070
9071
9072
9072
9072
9073
9075
9076
9077
9078
9078
9079
9080
9085
9086
9086
9088
9089
9089
9090
9091
9092
9093
9093
9096
9097
9104
9105
9106
9107
9109
9112
9112
9112
9114
9114
9114
9115
9116
9116
9118
9118
9121
9121
9122
9122
9124
9127
9129
9130
9131
9132
9132
9132
9132
9132
9132
9133
9133
9133
9134
9135
9135
9136
9137
9138
9138
9138
9139
9139
9140
9140
9142
9144
9145
9145
9146
9148
9148
9151
9152
9153
9154
9155
9157
9157
9159
9160
9161
9161
9163
9164
9165
9166
9166
9167
9167
9167
9167
9168
9169
9169
9169
9170
9171
9172
9172
9173
9173
9174
9174
9176
9177
9177
9178
9179
9179
9180
9182
9185
9189
9190
9190
9191
9191
9193
9193
9194
9196
9198
9200
9202
9202
9203
9205
9205
9206
9206
9208
9211
9211
9211
9213
9213
9213
9214
9215
9218
9218
9219
9220
9222
9224
9225
9225
9226
9228
9229
9229
9230
9230
9231
9233
9235
9235
9237
9239
9241
9243
9245
9248
9248
9250
9250
9251
9251
9252
9254
9255
9256
9256
9257
9257
9257
9258
9258
9260
9261
9261
9263
9264
9266
9267
9272
9272
9273
9273
9276
9276
9277
9280
9281
9283
9283
9284
9284
9285
9285
9285
9285
9286
9286
9287
9287
9288
9289
9290
9290
9290
9292
9295
9297
9298
9299
9299
9300
9300
9302
9302
9302
9303
9303
9304
9306
9308
9309
9313
9315
9316
9316
9317
9318
9318
9324
9325
9326
9331
9333
9333
9333
9333
9334
9336
9336
9337
9337
9339
9339
9339
9342
9342
9343
9345
9346
9346
9347
9348
9349
9352
9353
9353
9353
9353
9354
9355
9356
9356
9357
9357
9358
9358
9358
9360
9364
9365
9365
9366
9367
9368
9368
9368
9372
9374
9375
9375
9375
9377
9378
9379
9380
9381
9382
9384
9386
9387
9387
9388
9390
9391
9393
9393
9394
9395
9395
9397
9398
9400
9400
9401
9402
9403
9405
9405
9408
9408
9411
9413
9414
9415
9416
9416
9416
9416
9419
9421
9421
9422
9422
9422
9425
9428
9428
9429
9429
9430
9431
9432
9433
9435
9435
9436
9436
9436
9436
9437
9437
9438
9439
9440
9441
9442
9442
9442
9443
9444
9445
9445
9445
9446
9447
9449
9450
9451
9454
9455
9455
9455
9457
9459
9460
9460
9464
9466
9466
9468
9470
9470
9472
9473
9474
9474
9475
9475
9475
9476
9476
9477
9478
9479
9481
9482
9482
9482
9482
9482
9485
9488
9488
9489
9491
9493
9494
9494
9494
9495
9497
9498
9502
9502
9502
9502
9504
9504
9505
9505
9507
9507
9510
9511
9511
9512
9513
9516
9517
9518
9521
9522
9525
9526
9527
9527
9528
9528
9528
9534
9536
9536
9536
9538
9539
9539
9543
9544
9544
9545
9545
9545
9545
9547
9547
9547
9548
9549
9549
9549
9550
9550
9551
9552
9552
9552
9555
9555
9555
9558
9558
9559
9559
9561
9563
9567
9568
9568
9568
9569
9571
9571
9571
9572
9573
9576
9577
9578
9582
9582
9583
9585
9585
9590
9590
9595
9595
9597
9598
9598
9599
9600
9600
9600
9602
9602
9603
9603
9603
9604
9604
9606
9606
9607
9607
9609
9609
9610
9610
9610
9610
9611
9614
9615
9616
9617
9618
9618
9619
9620
9620
9620
9621
9621
9622
9623
9625
9625
9626
9627
9629
9629
9629
9629
9629
9630
9632
9633
9633
9633
9635
9635
9639
9640
9640
9642
9643
9643
9644
9645
9648
9649
9649
9654
9654
9655
9655
9659
9661
9661
9661
9662
9664
9665
9665
9665
9665
9666
9666
9668
9669
9671
9672
9673
9675
9675
9675
9675
9676
9677
9677
9682
9684
9684
9687
9687
9688
9688
9688
9690
9690
9692
9692
9694
9695
9696
9696
9696
9697
9697
9699
9699
9700
9700
9701
9702
9703
9703
9703
9704
9705
9707
9709
9710
9710
9711
9712
9712
9715
9718
9720
9720
9722
9723
9727
9727
9729
9729
9731
9734
9735
9736
9737
9740
9740
9741
9741
9743
9745
9746
9747
9748
9749
9750
9751
9752
9754
9756
9756
9757
9759
9760
9762
9764
9764
9765
9766
9768
9768
9768
9769
9769
9770
9771
9771
9776
9776
9777
9777
9777
9778
9778
9779
9779
9780
9780
9780
9780
9782
9782
9783
9783
9785
9786
9788
9788
9789
9789
9789
9790
9791
9791
9792
9792
9793
9793
9793
9796
9796
9796
9797
9797
9799
9799
9800
9802
9802
9806
9808
9808
9808
9809
9814
9814
9815
9817
9818
9820
9821
9822
9824
9824
9825
9827
9829
9830
9830
9830
9830
9832
9832
9832
9833
9834
9836
9839
9839
9840
9840
9843
9844
9845
9846
9847
9848
9849
9850
9850
9850
9851
9852
9852
9853
9854
9854
9856
9856
9856
9856
9857
9859
9860
9861
9861
9862
9863
9865
9865
9865
9867
9871
9871
9872
9873
9874
9874
9875
9875
9876
9877
9877
9879
9879
9880
9880
9881
9881
9882
9882
9882
9882
9882
9883
9884
9885
9886
9887
9887
9888
9888
9890
9890
9890
9892
9892
9893
9894
9896
9896
9898
9898
9899
9899
9900
9900
9901
9902
9905
9905
9906
9908
9908
9908
9908
9910
9910
9911
9913
9916
9916
9916
9918
9918
9921
9925
9926
9928
9930
9931
9931
9933
9934
9936
9937
9937
9938
9939
9939
9939
9940
9942
9942
9943
9944
9945
9946
9947
9948
9948
9949
9949
9950
9952
9952
9953
9955
9956
9957
9958
9958
9958
9960
9960
9960
9960
9960
9961
9963
9970
9971
9971
9973
9973
9974
9974
9975
9978
9979
9979
9981
9981
9984
9986
9987
9987
9987
9987
9988
9989
9989
9990
9991
9993
9993
9993
9995
9995
9996
9998
9999
9999
