7233
4388
7922
3991
8109
6706
1047
2443
4498
4193
8520
5638
2045
4241
2867
2597
1456
8855
4563
9318
6142
3257
6086
704
9459
8060
9629
79
9505
8039
5180
80
965
5299
641
8037
1831
849
561
8245
9856
4536
4670
4787
6614
3674
7109
9498
2163
3507
851
946
9764
6221
5272
1697
8397
4354
8452
8993
7866
3023
7981
3145
6272
7632
2947
3707
7489
750
9979
3274
3374
9395
3399
4710
9880
4134
6902
2278
2127
2759
9464
7968
1723
4152
7050
4183
2041
4053
4688
2050
6349
802
576
4901
2390
5136
3643
3119
6719
7724
3639
383
4289
708
6247
8531
7094
1911
4316
1998
9400
5672
9860
3925
5992
8445
3009
5831
2619
2890
2197
3831
5823
7494
9353
5847
491
8471
7277
867
4628
5871
3338
135
59
386
9219
5725
9956
8994
9545
3943
562
9865
9661
3621
3678
7906
6561
5540
9255
9925
4232
1795
179
5869
3484
8979
3555
9400
7582
4731
36
1690
7415
7669
6466
7646
2941
4361
5287
7034
2210
9155
4465
8158
3975
5843
5122
441
8701
1234
4193
4904
7340
4780
7230
5580
5084
958
1330
5271
6513
6876
5828
1491
2292
4239
5544
158
2123
1370
8067
9093
2187
8056
8330
6972
4196
5172
9239
4408
779
4437
5885
3977
2773
6787
9475
1944
9134
5450
5596
8872
6250
7882
6392
9356
4755
1032
8339
4309
9777
918
6331
2870
5831
8089
4111
2342
9610
9852
5586
6833
6221
497
7935
44
5335
5327
5879
8067
2150
3181
517
8449
5981
6809
1523
7498
1161
4149
8198
3736
3441
7966
8803
2657
924
5211
9109
273
1980
4159
1783
1289
1848
8298
315
7684
1495
8562
5277
7554
3448
377
1538
7811
1519
7612
250
8929
5498
7144
7124
9818
1585
889
609
2649
1340
4816
9552
8352
2126
3312
3785
2644
7199
4805
4549
2725
4120
3233
4442
3129
6103
7700
7477
2836
1587
776
9104
1573
1785
7559
9971
7600
244
8457
2662
4643
9756
4877
3829
4536
1253
8291
444
3350
4520
6260
4945
9220
2830
5295
9666
3132
2137
1089
227
6295
5997
4000
9626
234
6155
1012
6150
9213
3487
5747
9145
8724
1839
7447
6118
5180
2500
494
101
6483
277
9757
8260
2820
9086
2962
168
286
8464
6741
3185
2721
5090
3513
3835
2708
9621
9285
1888
9077
9525
6314
7707
5630
8347
9665
7656
5904
9007
2515
9704
4911
43
9571
7520
3322
8779
7051
4208
3877
6128
4482
7281
5253
7412
2679
696
6455
6056
5021
2023
3773
650
9635
595
6838
8834
5023
3936
2521
5850
8086
3944
2750
446
2106
2650
89
9561
3745
8783
5956
5711
558
4808
631
3129
286
5268
9415
1691
3121
9374
9352
8818
8466
2962
6064
6921
2245
9664
6554
4026
1661
9881
3764
4481
4663
4183
1109
6492
8294
5673
9070
1551
9883
9899
9820
2149
721
5076
8679
4401
643
9193
7659
3297
4171
7519
9552
2580
5367
6701
8
7234
1609
1456
2996
4714
108
2009
8579
2553
1135
5665
2744
2966
1231
1388
9607
3387
1941
2811
6013
1805
696
380
9273
6668
1969
9196
1434
4086
7786
9884
1078
1782
4145
5841
8052
5371
4431
3573
5414
2883
7663
7244
4055
5222
6477
4225
4301
8750
8973
7198
2171
7284
4709
4346
54
7350
4152
2493
5042
772
3856
1359
7224
7403
2615
7919
7254
2329
8434
4400
7347
8350
5003
3453
4253
9395
73
4892
3809
21
1694
1137
4422
330
4221
777
535
6020
1462
6023
3883
851
9055
7148
9315
244
5632
5663
8399
3751
427
8060
8781
5679
3255
6056
1375
2803
696
99
3704
3281
3420
2470
7331
6578
9300
1852
3631
8553
6893
2557
6811
9908
9450
4230
8410
1365
8816
4580
8035
9563
349
3886
8568
6905
7510
451
7009
7368
2300
1241
6261
8008
9306
3924
516
4881
6350
7959
1427
2857
7665
5333
4612
1086
7029
6080
98
1058
6314
4819
3910
2519
7725
6011
7913
9856
4221
1647
7287
6935
8171
4833
2412
61
7453
7421
494
4188
4431
1870
2166
7640
2456
9856
9852
2964
5284
1568
9710
8672
403
4639
9020
9872
8093
7317
8195
6200
6576
5475
6149
1444
6264
2369
3042
4868
6985
7574
3141
37
4620
3461
1724
1418
308
2916
6373
9257
5116
1353
370
1778
2751
4781
8825
1226
9875
4850
6203
6870
6930
9905
1071
2755
3895
6139
8362
3442
4242
8738
1180
48
7879
8432
3530
9940
5753
4261
292
9874
3823
1166
5699
2860
9169
4608
3585
8744
5937
9189
2244
1405
6488
5373
1064
5703
892
1781
8392
6010
2555
9349
5001
4435
1382
4739
9316
4665
205
5606
3229
2707
7939
9205
756
8867
6974
7261
5752
4496
5597
8801
3
2913
1094
5100
7958
1493
7755
3138
7185
5776
2584
1588
7551
2800
636
1267
9132
8718
1314
4076
1620
7039
1979
7441
346
2746
8537
9416
3425
8388
1450
8492
8459
471
5087
5345
4667
6449
7560
6550
8841
985
2719
1155
4449
5964
7357
562
3272
3077
5900
8378
2045
9324
6443
3525
152
9861
1095
3700
6978
409
8268
9177
8384
9970
8696
2961
2029
7695
7464
4757
6450
7367
9218
1429
885
427
5854
1109
8732
9300
3553
4948
5212
6924
4439
3911
8882
3560
8156
6533
1741
755
3208
4459
1590
1462
8901
1936
4510
3122
3950
226
6482
2416
8053
6799
1837
8800
1505
6368
8651
5183
2035
6832
2309
1652
2147
6490
6765
7384
9996
4976
3048
9797
4432
7592
2179
8599
5593
8177
3667
4768
2270
7155
9741
8152
2974
8612
1918
49
9643
9703
3465
4248
6070
9696
139
4791
6964
4706
2476
8312
218
3721
853
4052
7402
5235
6888
9978
8505
9640
1168
9179
5036
8427
5878
433
2559
5705
3949
7712
49
9727
5035
4533
2400
7064
5796
8267
4076
8227
3588
3948
7755
6371
9545
7396
520
1728
2859
818
4025
7402
8873
2136
4060
2062
9073
2993
668
1202
796
4978
4678
5178
4372
3897
4690
5389
1058
6482
5185
1569
7336
7097
3170
3218
8152
9353
8320
2738
1791
5603
9132
315
9298
8474
530
3568
8211
8955
5066
241
4064
4219
9118
2925
456
3816
2835
5506
9979
5121
1190
9280
317
5090
3108
2619
5734
263
5078
3071
7865
8353
9687
4126
8543
8967
9251
6021
9039
724
2141
5869
8877
3502
1869
3741
3596
4167
7637
5004
1601
5212
6079
7188
4854
9339
8101
1314
1895
5409
7724
3978
6652
209
8669
1608
8787
7025
7697
9569
10
7359
4265
9368
4566
9072
7352
9308
6227
8249
8813
4142
7753
4151
1136
9393
2535
3288
3112
2122
2222
5212
7
8151
5901
54
8771
1612
1364
4093
8066
1496
9159
320
1617
8886
6865
6006
1201
9712
9202
9874
6751
9981
4087
8341
1294
9435
9829
4110
1442
2472
2625
4252
668
4218
1903
8933
1165
895
7637
2159
7913
3822
6426
6699
7338
2380
4241
2001
366
5931
3628
7863
4750
413
1727
3739
859
8150
4515
8336
423
1935
3187
5
9085
7159
438
8320
5103
2292
8569
6026
5546
3351
3496
3524
4568
4382
1145
168
7122
5395
6438
5306
4079
6401
5685
5181
1389
4758
549
3122
1419
1668
791
6891
9536
4578
4247
4893
5580
5536
341
3396
7658
3720
7188
1440
3166
735
9999
3309
7072
778
4211
4481
4229
9662
9421
95
7175
9231
1984
6728
6081
8266
451
9905
6568
4303
3189
8335
4409
1718
8654
7535
1707
1779
2131
5682
8193
1619
85
6134
2015
3750
4375
3824
3029
2071
4410
7348
45
9654
9783
2055
1629
3990
4457
3564
4394
6082
116
4699
9353
8635
4486
3296
9603
1389
4408
7503
3732
1728
9648
9093
9488
889
1015
1369
6675
7808
8434
1298
4611
7341
8639
3858
4021
2476
3886
5152
2936
3663
8489
7268
1393
4243
4898
8299
8020
1546
8007
4650
9165
4135
6788
6366
4360
8329
4406
4850
7731
1822
8055
3803
5533
2233
331
2669
5675
8799
4278
3025
6951
970
6520
6750
2629
176
1766
9347
5428
7454
2245
5815
1853
1326
8149
4663
1820
9513
3401
6494
5752
4677
3471
500
9696
2526
9792
7933
5683
6099
3669
1234
2620
5960
6835
6141
2313
7849
22
1309
5750
8510
3878
6154
1339
1673
2631
4402
8623
8716
6003
1650
1415
5480
6604
9504
5935
5521
5953
421
8099
9261
2095
3672
3690
1275
785
3157
9056
8256
4645
6637
5087
3948
5596
295
761
7787
6670
644
6693
648
7384
7649
5027
1196
4275
1797
9677
6228
9762
345
4589
1377
6152
7239
3333
2584
9203
2747
5631
6249
1881
1943
6961
4333
8269
2771
9916
1961
3598
2881
5106
5808
9741
5551
4897
2276
6505
2149
544
5437
6984
2046
3413
5634
7732
4659
6241
7363
5935
3523
9129
2986
4613
6975
5090
838
6045
4177
3655
2663
8091
4573
7818
6264
8645
8480
7381
6437
2592
2549
6747
5534
4646
3302
9937
804
3350
656
6562
2305
6057
8047
4531
6484
9132
1592
5620
8473
2367
6518
1920
4471
2120
6011
8145
4611
8533
3784
434
643
4092
3593
9619
380
5793
2295
4403
4860
8468
9793
6205
1988
7795
7733
8225
1309
4307
9735
9597
7116
1559
3460
1464
4480
5051
6113
8044
5239
1040
4492
8845
1104
6515
132
4122
7404
5180
5541
4895
3134
4288
8491
6020
5361
5380
2664
8582
3657
8623
8560
9488
1073
5098
9649
5702
4964
9702
241
9549
1351
8826
943
4730
6211
9800
6652
2198
1040
6923
3346
266
2845
1312
466
6541
1597
301
3324
7303
2731
4898
6455
2289
4558
6971
4112
4220
9687
9039
479
2906
1591
488
9958
5245
3694
8335
2435
1146
9342
4035
2724
3784
2046
3606
8362
779
8346
3380
1590
6184
4008
4769
9871
2101
8533
78
9078
7839
126
3288
8545
7670
5259
6365
4996
969
1669
699
5518
3081
7337
8023
7822
7565
468
1591
3142
1858
318
781
9288
3580
9603
8144
4446
7518
636
7256
8294
3346
4509
4038
4537
2389
1591
3550
3037
1506
8509
4354
6432
3897
1796
2268
9573
6780
2084
135
619
134
2827
8939
5080
9001
2417
5123
1286
5666
3766
6044
5348
6346
3943
4301
7517
7260
335
2862
7861
2702
1994
6534
1679
6126
7221
7221
9211
8426
1329
8810
461
7852
391
738
666
9408
3733
6542
380
3060
8694
7135
7844
2155
2304
7313
4750
8061
1927
8545
5456
2831
943
4556
4157
5770
2414
3974
198
7979
1040
4628
3024
5862
8404
9782
721
8936
6356
9684
9987
2040
8994
212
8875
9272
509
2246
3475
3070
4371
3580
5955
2297
2481
441
3455
6691
6389
1412
8474
6018
1348
8009
5144
3546
5272
3900
9585
307
3089
3563
4913
9442
8093
3472
7868
9958
3602
5823
9695
305
1479
8658
3921
6770
19
6015
5801
9899
4861
3618
2057
980
5826
156
3752
7963
3157
5112
6142
9797
2513
1126
2776
3798
3242
1478
7099
681
5874
9218
8549
4236
5239
5832
5295
9356
4041
5859
7390
5816
5258
3573
5337
932
6574
147
2917
1613
7297
6941
9916
1075
5640
9272
7149
1816
8911
5754
3804
8852
3394
9778
6186
9987
2119
9473
8911
5275
9145
8969
3860
3325
1247
5216
2701
7015
331
6128
6131
500
5823
3599
7376
5281
7977
3094
7876
2573
8847
65
8900
5660
5381
8978
1442
3352
1740
146
4807
981
228
6372
4077
7198
6850
1927
5914
2129
5421
1641
3654
1492
2610
5699
2845
115
1528
1445
5552
9224
8510
3022
5894
2485
1232
8039
9024
3856
1368
9309
5211
4955
2241
5706
9006
3136
8182
543
3666
4118
7705
3344
8881
1058
9824
3244
8936
5980
8682
3207
1302
4653
6176
7142
4519
6242
7334
2342
7098
9024
2656
5177
5965
4724
6241
5390
2314
4133
6543
3676
2987
4201
3843
7514
8826
4240
4300
9614
5107
193
1443
6657
4362
3824
7113
3468
905
2776
348
6337
6242
5338
5144
4935
7939
8242
8203
3875
7815
8803
1969
2032
9993
8015
862
5244
2675
8404
8218
4846
5748
3782
3366
9527
3200
8309
4669
1700
9906
1883
2165
8077
1997
6772
1189
701
6976
7034
4128
7679
7703
1964
3536
6929
5454
3787
8446
4520
5409
8417
1854
1536
4622
9998
3319
4989
7148
96
2543
9539
5589
5918
7686
8958
3375
5409
2121
1023
4904
8176
615
6244
463
7318
2832
5507
2288
8530
7529
9250
2199
5531
9547
4630
9654
5294
5596
2679
6033
6758
325
236
5767
8150
626
3768
7531
9765
5833
6112
2480
5319
1730
7351
3091
8612
8773
9785
9618
8664
8896
8816
8811
407
2471
6678
6911
5786
8070
9416
4101
9545
339
6659
234
7399
5790
2431
4182
3317
5594
1332
5403
452
4037
428
1223
3835
4643
2071
9832
5952
3513
2677
4543
8199
6373
2244
333
5237
6843
5910
2746
4607
3979
7213
8324
3492
2078
294
7940
7891
7582
7120
7677
4571
5237
279
3582
8845
126
2322
3975
2335
1096
101
6712
7536
6937
5203
4308
2996
8927
2211
244
5371
1250
974
1241
6994
1957
9987
393
9285
603
8103
3451
4623
2838
7772
685
384
8266
6445
7298
9257
400
4947
5786
2631
3895
3319
2809
2634
7637
2677
3129
9809
5196
5625
59
4340
7207
56
105
1262
8035
3246
3495
309
5371
5663
1512
3926
6603
4796
9629
1298
3174
5573
5704
6575
4515
5701
2447
6892
5346
3454
9019
758
477
5426
3792
8320
3705
8827
9655
9890
5740
6008
3815
672
1064
3012
787
101
5813
8788
3197
7949
6174
9789
8503
7644
3953
4832
9258
6030
6922
9475
7456
6524
7785
4814
5131
999
3551
5038
6009
8277
9368
1881
6191
7029
818
1215
3282
416
5357
2281
1492
5102
5082
4944
5067
2322
9701
3245
6702
1540
2415
4793
7721
7257
516
8384
8017
1184
3404
6406
3457
1515
7629
9718
8961
4744
1341
7683
5208
4252
7573
2973
9368
3867
145
8467
1944
2278
7236
1247
3744
8801
5976
3362
77
9839
4579
4620
4644
8093
2869
2264
707
7433
2382
306
691
4861
7180
6550
2506
5291
2306
3862
2285
4502
4517
9064
1586
5226
832
106
4147
5914
6583
8707
9391
3956
4104
599
9834
5667
9213
6822
7845
6737
5374
6033
8664
3895
1972
9850
3516
9090
4568
9416
5845
5795
7162
6500
5948
5284
3694
5347
4091
4306
544
4847
9474
4923
296
1380
5655
5110
2009
6517
6617
5321
9235
9688
2021
3354
2232
6549
7729
1974
6380
9926
1910
3336
2933
267
4332
9911
5010
9277
8173
4574
408
7868
3595
9449
2536
7544
9885
761
3292
1624
3172
2308
4160
4219
2429
8236
4013
9337
3391
7418
832
4228
2979
3095
4490
9536
5652
9991
4688
3501
6556
7618
1043
1709
6382
864
6266
7542
9202
1377
9403
7493
3306
2966
616
8109
5876
911
5750
2923
2936
1874
1961
5063
6929
3092
9644
3769
4824
9208
6653
7957
8620
8433
6596
4341
1086
7414
5843
9010
2553
8513
3753
8031
4751
67
1521
4418
8222
2920
7496
1039
8353
5506
2380
2930
9075
1189
1359
1081
9934
2910
763
9132
7761
5201
7455
1946
3777
6237
8760
2193
7494
6542
8699
9882
4550
6591
5710
846
111
1338
9302
5753
7902
4942
1307
2586
6349
7436
5064
4435
7288
862
5183
4660
1872
3603
6330
9822
3705
7707
6587
566
9422
7196
5508
7913
6309
4047
6419
4406
1180
1162
3029
4685
6402
5531
7660
2370
4339
669
7675
6541
2539
5834
78
8993
3900
3870
8662
3063
3307
8291
1890
3446
116
1966
2489
1393
7118
2134
3892
6174
6200
6860
6137
3230
4179
4795
2465
1022
6442
478
3931
3513
2523
8792
8106
8168
1865
8452
4185
8551
8971
8233
4559
9572
2828
921
6750
535
4229
4967
7333
6185
2408
9939
6197
9154
5923
4324
112
5315
6692
3664
2685
3596
6812
6267
5304
220
2604
1481
7271
4019
620
9522
4120
6197
3035
9377
7766
3725
592
3240
7466
171
4303
7444
5501
8668
1863
2985
6219
4228
248
2186
7668
9115
8097
6215
5117
6465
6600
6163
179
7487
51
8800
2399
9276
5731
7338
8101
4312
9185
7405
3975
904
5857
9299
4630
1231
1554
334
6920
3254
3895
9358
2805
9960
3232
3232
3883
8428
8561
4884
770
1871
8212
1385
6634
2685
9339
439
5120
4300
6221
5848
8832
3398
2082
7395
2468
3009
8218
8647
9482
5932
4215
1185
1187
2072
395
7786
4760
3872
5435
2673
8263
1047
7587
8464
5772
4893
2500
5420
795
429
440
7870
41
7286
1654
8122
586
9988
2865
7849
6916
4698
4827
8535
1171
2863
2327
5754
3094
6594
5451
3373
6423
8250
9876
809
1672
9375
4660
3583
6025
6223
326
3412
5862
9422
4306
4745
8668
7181
1804
6358
6764
8965
4935
1987
728
9056
279
4547
3067
8149
5668
7405
198
1342
1482
2968
804
3175
605
8642
8590
6422
4714
4749
8507
3777
1161
7014
2543
6416
2047
8484
7509
5216
8848
2682
5399
9457
6737
9673
8490
4973
3258
5765
6951
6886
2538
7617
1779
5690
4198
5401
1968
3733
7674
2365
2780
1428
7952
1429
1239
1969
4685
9494
9043
6224
1256
3263
9780
1205
4263
7888
278
9455
4354
9384
4926
9205
8200
8504
5145
188
6880
7290
7776
5266
4072
7256
5261
682
2121
6842
3255
5044
2524
8176
9945
7560
3493
359
1794
9071
5950
7948
7141
8158
6623
139
8064
9200
1720
4626
3609
2719
913
2951
5445
335
3065
4706
1010
9863
5514
8152
7140
5837
8382
8022
3405
9836
6491
1494
501
5
3753
1729
3066
223
5765
737
9808
9900
7086
7330
7225
122
3740
756
4560
6194
5792
847
5408
2256
2839
9796
6817
4576
4008
2252
3474
9873
8365
16
6690
1785
3838
3764
8840
2229
1272
7328
5155
11
605
1484
9004
9182
8021
9671
3624
7837
8419
9748
2697
7224
5586
34
3923
144
5198
4631
9148
4891
1407
3640
6061
5856
1695
3847
373
6757
3277
42
6285
6914
5834
5108
9142
5713
7265
7090
5950
6549
7492
7060
5890
5252
4561
4213
3949
9443
8339
7897
7839
3052
6405
9939
8841
9806
7921
896
5636
9170
3255
3427
9009
1301
7321
5646
9675
2902
8067
4921
6569
7246
648
5827
1615
6583
5159
6002
5876
5275
7756
7048
8431
426
4611
9092
9290
3079
4584
7986
3817
1872
9466
7648
2932
1256
9582
2942
4095
7938
8895
4402
5323
780
578
1685
7269
950
4776
1245
4540
8621
1773
1991
3856
6313
8798
4656
8934
6927
5080
1345
392
7604
9898
5925
5129
9743
8540
3449
1046
5896
889
7263
968
3283
1512
222
4870
9140
7561
2617
264
9438
394
5994
1366
396
5609
6875
494
6650
2692
6065
8053
6561
1708
8150
245
4365
9960
6545
2036
1085
3446
1300
6069
9527
2732
6434
5464
6469
477
1371
2044
6304
4535
7157
437
9079
2537
2249
7448
8076
6289
231
9908
1739
5459
5334
459
8648
2230
4796
1469
1188
6281
7574
8293
5211
6371
2694
1981
926
6584
5286
8941
2024
2279
9325
8497
127
5120
7533
7928
2680
259
4005
3944
1623
6804
9290
1871
5586
6954
8205
7045
1441
4518
8361
7101
5029
4945
3404
9002
2274
6927
6544
9615
1594
6687
1428
3342
5543
7140
6219
9649
4244
4158
2545
1655
7576
9313
6790
9943
17
6728
7816
4240
2553
2962
3217
1297
5064
5866
9930
1108
8533
9764
7562
885
9770
6979
864
544
9107
9960
1337
3784
6034
5781
1166
5220
5747
3808
7197
7573
6903
2483
3314
2098
1487
688
4849
3860
1095
2177
6803
702
7068
45
411
9971
8300
9511
3412
4027
1208
1345
857
4321
3864
8542
8928
6020
971
2484
7156
7773
6553
720
6317
4992
5864
1172
4862
3995
5703
7435
8203
9963
6699
8110
6885
3870
51
2943
3668
5284
6570
5186
6463
2846
2632
5787
1643
5353
1669
7778
3470
5332
4940
9491
2271
5564
6759
4498
2956
6457
3981
3164
6534
1329
8068
5113
3101
650
9157
1438
2836
221
1979
4351
7761
6934
2263
2257
1539
7560
4724
6845
3856
6717
6354
7792
8026
9179
1473
2527
4238
8098
9931
3288
8697
2098
446
9316
2054
1530
2516
2057
7032
4651
4209
1740
5377
6651
3481
3299
941
6037
2428
5369
2238
733
7519
2890
8836
5905
2808
1422
6345
3452
534
1955
2566
9460
4074
8274
4214
2051
3798
1124
4837
2946
6992
1630
6676
209
7570
6759
8012
5428
1170
4282
3803
6600
4985
5526
7520
7651
3859
2675
2784
360
2258
5632
5635
3162
3550
3784
3502
6856
4205
9251
8877
3447
4539
8536
3069
8557
9622
8031
7331
6713
7593
4868
1773
3601
8435
2233
4803
4595
5651
6083
7976
2765
6307
5892
1283
1431
7566
1657
5781
9918
8446
4393
7734
1628
8710
3406
3713
51
233
4144
904
1049
2038
4076
4053
2748
1057
7284
8175
8662
6654
5681
1221
3532
7948
5523
7082
3601
5212
3433
1773
3784
5709
2875
5395
2726
9078
6516
676
6902
2575
7486
8463
3110
2156
918
6074
8254
3942
830
5578
8993
4200
1281
2363
8092
3763
6273
2620
443
5007
3868
731
5211
9358
9133
88
3882
9342
8639
4137
3338
8860
2892
2666
1173
5567
9428
9854
2651
7416
3129
3142
6214
8708
7559
6381
6350
267
8977
6654
7689
4936
6710
5842
6170
5413
3427
7146
2218
291
1618
1893
1076
1107
1808
5486
8586
8228
956
2902
1974
9353
7546
329
6139
9830
5096
6975
2585
8567
3560
3650
911
8061
8828
9431
3946
2454
3936
6651
7852
9112
9921
7819
8392
1561
3452
7728
1978
4542
4769
2533
2580
3951
3429
4662
2946
6339
7079
3543
1855
4989
2234
3438
9808
9138
9233
1662
1199
6533
4810
4177
4594
8897
7009
8417
8265
9859
4821
7843
855
4002
8935
9888
5320
5596
9502
2097
1105
2398
7144
9975
4388
1375
811
6597
338
3017
4442
922
5115
5878
2243
6302
3826
4499
7397
4665
5532
8211
9454
2939
3943
7939
3171
3019
5126
6965
8905
6863
3002
4875
5583
3204
2845
9474
1455
2827
5304
5145
5210
5952
5589
4124
6640
1112
9710
1281
8817
1831
7700
3342
6109
8268
556
5381
9127
6153
532
3038
3929
3410
2611
8927
8449
3441
1198
3242
3417
5188
86
9235
1365
5876
1535
3341
7269
3474
6636
2928
3721
4720
5718
9016
2420
9722
476
5373
3722
5199
5891
2987
1459
2304
398
6382
4209
8883
9194
3467
7102
3668
2240
4221
1663
9273
5422
8411
7461
6929
703
7683
8306
7224
165
3685
9416
7641
4393
9470
7069
2129
6378
8928
1755
9164
497
1450
6820
5630
325
2889
7058
5440
9882
3099
5388
2228
8645
8379
3381
4263
2618
3646
6159
5427
8342
4953
9261
7150
8265
9629
3462
5730
1899
6192
9700
3898
8303
4777
2828
6661
7956
9176
2761
922
6776
912
5329
4345
3224
5505
5097
3626
5459
5078
7668
9604
5837
1048
1959
2635
8238
7213
7896
8407
6618
3985
7636
7582
7628
3871
303
2381
9675
6636
6566
1000
3247
6528
7089
91
2588
4113
2037
6972
2077
8830
6886
3424
3580
1814
1641
518
3134
1987
9287
5700
2812
8630
4301
8684
6395
7279
7200
6570
6973
6600
9455
4637
6753
720
6001
943
9621
5263
9933
3235
9132
3547
3080
5690
7498
4006
1000
1570
1147
5873
7351
3740
5732
1666
1716
4104
2834
4333
740
8495
7743
3842
5702
349
3699
8163
2387
1913
3670
271
5796
2754
1715
6288
4334
6456
6473
8814
9768
5299
6811
1166
1709
9428
3879
1354
6285
8871
6564
3102
3390
8545
3156
2604
7232
4428
9833
5741
7005
6988
8596
9237
7087
7501
6488
3681
5020
9451
7373
2736
1341
1054
1233
795
60
3008
5561
4691
2427
6876
3829
4853
6338
964
1009
5020
9600
1263
247
3699
371
2733
8834
6533
674
681
1630
4147
9783
3354
8395
7169
6282
1189
6369
2238
8585
5251
4509
2703
9620
2027
6681
375
388
7403
3449
8196
4011
7576
9729
4168
4023
3376
965
4947
577
1176
3545
8426
4098
9367
4055
1222
8308
4606
7854
651
6006
9746
5559
5315
1834
4216
8195
4567
4345
7579
8465
3689
7318
1597
2716
5249
2975
2296
6128
1378
7391
9264
8621
4568
9585
2231
3908
1473
6464
1532
7406
5637
4345
9793
3852
6787
7682
1111
7993
2073
6356
7912
2108
7535
2643
6145
8058
9633
1038
7834
8760
8360
962
9875
798
5955
2249
253
3863
8615
4239
3011
8372
5488
7925
8643
2208
8147
3903
172
3662
6594
7209
1989
9887
4426
3398
2872
3520
6205
3688
6186
5361
7255
2844
2535
8656
127
1820
7822
1219
6444
296
4599
1668
6001
7311
6925
4854
3590
9559
3788
9910
6645
4828
1591
8078
2446
1573
5142
1443
9703
4626
4283
4989
2692
385
7087
5735
6047
384
4238
8652
5972
2477
988
5810
9339
5018
834
1091
8594
6268
9225
9973
2295
9778
5074
4076
6543
6706
2879
357
662
2703
7874
2499
2195
471
5152
9303
4887
2105
3265
3688
8242
3556
2134
6514
3954
8042
6567
9898
7402
5507
6169
1919
7531
4670
2665
4093
6081
9138
8760
1548
1644
3491
3106
4437
2712
7584
8316
9780
7484
4121
6170
9944
6732
8383
1258
4728
4555
5811
7280
6240
3041
192
959
6393
8069
2820
881
9766
2199
8409
2851
4266
1869
3795
5328
4039
1271
4370
2057
3074
5313
9366
1965
6579
1285
8994
8811
9896
9482
3066
8177
2904
9677
6022
1119
5605
5610
3513
334
7643
6423
9707
4822
1301
2733
929
9504
2542
5364
4623
3561
1685
3546
4196
7360
7610
7984
2323
5741
6118
9890
7346
5885
1335
9936
7931
5646
8232
6845
2864
9827
6639
2723
2635
132
7791
9825
4003
422
2286
979
9723
3650
4385
8572
3477
6741
4036
1379
5604
8948
8006
8231
5871
9609
4224
9295
6417
1118
9334
7843
4941
3845
3782
5425
734
7441
2158
3261
5373
3829
3434
9544
9260
7879
5355
299
4015
5521
3123
5472
6282
2388
7804
4893
8917
3048
5464
5438
5341
8037
9699
3183
2132
5511
4405
435
8040
7170
2164
2499
3281
8178
7895
9814
2388
3628
2021
9865
8261
4327
2251
6124
9737
497
3836
2249
7049
1488
5378
897
418
9333
1155
3301
6586
4702
2384
5278
9789
2345
5799
9609
1845
2704
9688
8547
2568
9206
5060
4844
9067
5740
5473
4923
9493
6320
3050
6991
6734
8962
7907
6332
3766
180
9547
106
9266
686
2938
2198
4881
476
6346
659
7756
4356
6034
2593
2908
5975
5212
8904
5542
3636
9080
4465
5377
1827
3946
689
6168
3301
8479
8723
4683
7013
9901
929
6304
8155
7368
4783
8839
1357
512
9076
4331
4706
3128
2485
9476
7221
6034
7200
2777
1426
3541
3346
514
5776
896
2293
2188
2875
4777
4794
6
7981
6686
3327
8377
9544
2237
9421
8404
2386
623
912
9445
1118
8991
3796
1571
6387
9688
824
2680
2091
6332
4322
3436
8346
1553
5199
3741
6889
85
3125
7051
846
8019
1047
8447
3578
5774
8388
7692
4142
6474
6540
7294
5195
7354
5392
8206
1109
6915
8613
3143
7923
192
9477
7395
8725
2943
1794
1983
6434
4808
5831
7198
2190
6718
7197
7000
3620
9790
3431
9507
2789
1941
3307
3098
9133
6862
3710
601
5679
4632
2730
3851
5709
9445
1262
4667
2998
9711
6098
3158
2603
3398
8118
994
8655
4501
1286
1048
3195
3282
3436
6460
8972
4899
8402
7981
7466
1182
4866
2648
6597
2169
7020
2183
2574
6465
4195
6167
6047
1046
2116
1879
9960
4994
9284
4844
9495
2074
3462
7922
9555
7901
949
7244
4469
2970
8900
444
7780
6447
6304
1983
5740
9740
5486
3999
9961
3365
662
1724
6470
1638
5819
5301
844
5697
8774
4752
3049
1427
5327
4729
2528
644
88
7175
9942
1501
2021
7066
1168
3940
2763
7265
2838
947
9892
6280
2868
3847
8205
4590
909
9444
4476
404
3964
5494
7329
1522
5337
7666
1735
1652
1413
8283
8583
7665
306
208
7290
8044
5425
2946
3545
531
7465
5764
1139
4645
4385
2155
8202
1201
3162
4773
7034
8649
2876
5062
8711
3141
8940
5885
8898
5364
9046
6437
4983
4430
3213
2871
9590
3717
7980
733
3149
9401
328
8497
3406
5562
5620
9348
626
8824
2832
5227
7258
5367
8064
1684
7357
2143
3172
2854
83
9135
2025
7558
7292
9089
6795
3926
7902
6873
6037
680
8746
5303
3127
2448
2074
6012
802
3175
3849
7512
7812
7516
6974
1250
6891
4229
7543
2978
6311
2931
8446
2104
1744
8963
2986
1519
6048
1
3045
7932
1039
5911
1029
7904
6906
5092
6170
7021
6943
1479
6739
4534
9832
3226
4909
5742
4449
5356
6713
6130
2760
7031
1912
4291
3488
9088
597
4524
9425
9036
5696
242
351
6479
5411
969
1541
1840
3778
4659
3279
6633
3236
2163
9505
1467
9144
4416
5112
1838
6550
7653
4970
9333
6260
3621
8908
3536
8081
204
8528
8251
7057
272
6905
164
6726
2662
205
6554
1975
6657
2309
1617
2864
5254
2420
65
1525
6363
9442
9534
9284
9214
1252
8947
2838
7601
4921
5832
8162
7826
8963
4978
6975
4265
2416
5065
9699
923
8613
7109
5004
1084
5462
1585
5354
8513
260
2690
3112
2867
4515
1761
7957
9792
7383
4708
4611
9851
8571
2555
3292
2324
8877
9989
1179
6018
2217
2163
4670
5052
9121
9476
6294
4295
8342
1808
9576
3561
8517
8177
6036
7981
5137
7851
1119
720
8712
3180
351
9528
197
3053
9346
772
418
1113
5979
7597
5416
613
2859
8716
677
5917
6824
7286
4248
7312
9276
2050
3563
2129
6285
252
221
6991
1476
5889
2412
6142
1756
8170
3516
4612
4346
9494
5238
6384
5603
1184
7616
7476
6766
2000
3493
8163
8150
3085
7409
6197
300
2208
5626
4376
1256
132
3726
7537
5193
4489
8326
3040
1553
2279
7524
4769
7798
1856
1150
4911
9814
4671
8150
8419
7402
2988
7813
5530
1909
8081
7060
196
2858
5095
5591
8697
3640
4761
1686
9974
8115
2554
5513
1157
8847
3315
1792
7339
7771
4788
9180
922
4184
2156
6094
7447
7605
6500
4697
726
7497
3445
9478
2417
9867
7930
4869
5704
1841
3968
7322
7922
4260
5161
7388
7105
5596
4240
8997
2868
5885
8840
9894
9989
1454
5373
5387
3827
5825
2491
5366
4363
2708
3197
2747
7871
3044
8894
167
8808
4024
1884
7918
8328
6785
2026
656
8744
5868
3620
3543
6448
5440
3309
1999
9381
8379
1765
9682
4524
8708
4311
4447
8797
7964
7902
6646
1187
3175
2647
6739
6175
9632
2353
453
7004
9326
2801
1098
6654
6897
7074
4713
1732
3816
3018
7515
1532
19
104
1702
7477
9552
4730
4488
800
7957
2171
2573
7920
2744
6504
44
9408
7246
9139
1844
7811
2638
3073
447
9559
7666
4527
4160
1347
8137
4754
3694
9760
6683
2507
3277
6611
155
889
5317
7208
3362
6040
6817
6826
4621
4503
3319
1743
5317
4519
3471
5425
3383
4656
3617
6727
2912
2926
1439
8242
6839
9000
2444
5331
7495
9521
3529
6058
3127
3623
9130
5625
2679
153
9289
2903
7561
3062
3558
1216
5722
5248
4649
809
908
2800
822
5138
6305
291
5772
2357
8278
4049
154
9482
4857
3502
5854
2333
2057
7210
2316
2823
9545
7523
8295
1384
9536
4538
5039
1575
7360
1635
2407
2160
7120
2421
1793
9036
8361
6994
8553
9167
649
9041
5963
6794
7175
3175
4001
6672
9445
8212
9357
8070
6523
41
1712
6292
8949
2375
9620
2632
6219
3858
7372
5721
4361
8421
3942
8969
3386
2015
330
852
8950
4796
1250
7157
4485
7422
2470
856
3423
2042
8883
9690
849
6975
6103
620
846
4144
4587
247
2784
5987
3261
6665
6361
7714
6282
4845
4827
8319
6644
9337
5951
6405
5813
1809
8566
1081
2241
2121
1306
2143
4625
1015
6528
9161
3857
8503
1005
2539
9847
6568
4146
8185
3422
1732
8965
1841
9167
364
1517
2133
1979
5602
7514
8081
2552
5248
6910
7388
7301
8982
8284
6073
2043
1457
2028
2476
9346
2663
2327
9786
6445
5439
6981
4729
2739
5452
417
1158
5211
2411
2214
2422
3523
2626
7449
5172
7901
3928
3058
4185
3671
2500
3880
5962
7157
4269
4455
1467
5805
3712
5457
8945
9839
8064
766
8454
6591
3672
2225
4197
5072
4524
8458
9669
4799
2846
1057
3154
2537
5420
6197
310
4762
7382
7201
7767
227
2941
5560
507
6647
8519
1693
8758
850
1951
7265
1828
4359
2410
3241
4146
1716
8036
2875
6614
996
6537
230
5423
8897
9759
8892
454
179
6896
8077
9364
6106
9830
560
5102
6548
8527
1088
5372
5019
8352
1201
6471
798
9558
1613
368
3194
936
9472
6541
6869
935
6284
7246
5192
1271
1370
1022
9782
328
8862
2021
2140
7069
7173
4378
9799
3501
5534
2086
9629
2984
7202
2692
4665
9089
9953
7988
8487
8986
8538
3518
1751
1358
1527
7572
8945
6215
4067
8113
8614
463
1193
4365
47
6052
1802
9122
8437
6165
2442
7865
9148
5241
6984
1245
2636
2687
7433
1698
6333
8095
5183
1950
1726
2111
7739
2533
1746
1859
6604
7443
7097
4700
3410
8785
870
4624
4164
1003
210
2266
1658
6569
1980
4216
7400
3353
2107
371
632
7501
3474
6364
851
912
5262
6577
3387
6676
1503
3134
6776
6264
8304
9697
1165
6677
4725
134
9206
183
9153
6945
8369
1305
8337
9817
4134
7273
8473
1937
2132
6923
2360
4547
217
2265
3306
9910
3165
4135
2394
4366
7052
6532
642
8834
5870
5309
7281
5720
1797
9388
5191
2061
9378
6798
5776
8673
3557
5155
5882
8462
1503
94
4501
2554
5541
2603
1895
3618
851
352
9625
7766
139
2652
4897
1332
4569
7053
4668
2348
6132
142
7976
3346
9715
4173
5035
1490
233
5498
5988
158
9582
9419
3404
8131
2876
5468
5576
58
6259
4436
798
4986
7337
8579
1970
1466
4946
4824
5132
8660
7911
5455
9879
2293
3670
3623
6120
8978
7174
5762
6649
4036
5958
3061
321
5924
193
5503
1586
2321
6447
6791
6815
7454
2571
5166
7000
3097
812
7187
51
8470
1107
1861
1337
5034
1584
7875
1162
979
1617
1664
398
885
1625
9010
7833
735
9256
1929
249
5116
6556
77
8447
7878
2724
6736
8632
645
6381
2370
3463
3236
331
6131
9937
9604
9174
3396
6581
5930
6382
7430
3670
2868
2972
6260
2582
3738
7526
6797
9776
8207
6543
6265
6898
2294
4473
605
86
8081
1015
9241
1899
4068
5092
4990
2805
5736
4618
6045
2029
7180
4048
2747
1462
9494
9171
8336
8558
8423
4751
9727
3644
4493
1306
4448
1933
5170
9437
425
3605
6257
1824
8955
1780
473
1409
4104
4358
9257
4289
3667
2279
3403
1179
9840
3570
7038
897
1226
1412
444
3237
2019
9665
6186
3073
7318
6690
5054
2996
6120
6714
6362
2266
8157
1716
7814
8022
6295
1275
7388
7311
5690
4949
221
9012
2539
5181
6209
7868
9190
9547
716
4574
4542
2579
908
9882
9343
71
8686
9539
351
4553
1712
6714
6499
6016
5041
4552
5503
1750
9333
3351
6149
2125
6037
8782
7487
2956
3395
1351
263
4618
650
5566
3107
4565
4244
2664
7390
3102
2950
8797
5217
1317
7558
1028
8417
3917
301
5194
3618
8316
8839
1823
74
6866
3670
6221
7200
8035
22
85
4354
5010
8892
3320
6806
6699
7640
7487
7384
173
9882
2135
5491
6835
7345
3676
1931
2846
5885
7889
2950
6849
5702
9850
5995
5496
550
7990
1634
8181
8337
3884
5499
3336
1941
1312
4651
1035
5324
6530
3537
3175
9390
868
6551
3191
1572
5574
3588
1879
6471
9152
8974
888
871
2587
7229
1955
4952
8092
8074
503
8934
2398
9414
5969
4393
2843
3415
791
3171
1383
3613
6177
3398
1833
867
132
7572
9526
8545
1116
6814
9788
2239
7686
749
424
1171
759
3375
2708
3995
3308
9993
752
3447
8464
7788
8172
3773
6707
5538
7776
4880
4765
279
1337
7163
4047
5668
272
4086
7601
8966
727
3387
4974
9437
9475
3715
7433
3025
7713
3658
6778
3935
5751
881
3032
1649
7288
5762
2453
9436
1826
5277
5793
7059
2712
2721
7740
6121
5895
8279
683
3539
9880
4504
6629
5707
8961
1679
6603
6497
1784
505
2643
6588
5301
2233
8128
1374
6226
9960
7951
3286
6769
8793
159
6639
1307
4859
3646
3398
785
3015
5933
8729
864
4522
8367
9802
4582
3068
5811
1443
9611
5998
9163
6483
2063
1715
1145
8310
8206
3269
4469
5459
5666
5240
9517
5359
8613
1756
9610
3120
9008
3948
8378
8796
2757
7427
3968
3903
6070
4398
2388
8794
8817
8716
4168
5849
3961
2579
2296
5741
6561
5948
3164
4824
2023
7886
8718
8280
6538
9752
2819
7146
186
5752
648
4768
779
1577
9771
8893
5333
9625
642
5148
2379
5432
1499
4305
5270
7628
6066
6247
5054
546
8904
7433
9908
5359
9606
1292
5279
1892
6174
4985
8481
640
8666
5673
3525
3823
1588
2088
4999
8720
4817
9116
9360
5157
2955
4383
1868
4963
2073
2136
2826
7497
4973
617
5631
6126
9482
6353
7815
1987
6463
5233
1386
2199
8613
3755
5607
2857
2465
9382
7680
2440
8710
7246
5729
2455
6202
7049
2462
2540
8115
7252
8488
4503
7518
5116
795
8064
1852
2601
2471
2633
5914
5093
7977
6131
8731
7386
2374
76
3924
1048
9283
4981
8355
5798
5252
8194
77
7968
4927
2427
3427
8335
4380
2448
5344
1783
5036
1417
4690
1546
9394
6043
1906
2633
2370
6310
2274
7146
8149
5195
1586
1157
8326
9995
430
1144
2236
8747
3160
3915
4981
4948
8717
4926
5387
7926
6871
6446
7429
2508
1791
838
3341
587
1004
3602
9481
453
12
4191
2904
2906
5214
2398
5899
4622
4666
7912
5406
8981
4190
7212
3602
7802
69
6115
2376
3263
550
2868
284
7071
7047
6707
251
287
4667
6260
3154
1108
8351
8957
8932
2526
8669
4522
568
4049
1979
1034
6221
5460
5892
4775
3147
7906
8672
2195
7624
8414
7858
9405
7139
7972
8302
6739
6608
8123
357
1842
2128
8134
2414
392
4877
6921
9571
5483
271
1385
9317
258
6558
732
5917
8849
8564
5504
6305
1394
5678
6024
8926
9166
3967
9856
9528
8620
4353
3105
6891
1152
6489
6384
7565
9173
4485
5249
6291
8901
9285
2650
7517
4916
5428
6066
8622
8685
5537
872
6523
9620
9854
1887
6160
7515
4580
887
5289
160
3169
7655
740
4900
9248
8646
3073
2262
4355
8618
6418
4237
9358
4248
1285
3732
8579
2441
6667
1344
8198
6125
8084
2590
4173
3977
5897
4023
5718
3292
822
9749
85
3328
1154
3935
6648
956
9740
8880
2872
8742
2548
4214
9550
278
4083
9607
7264
9173
4264
4126
3767
3268
7711
5554
4574
4298
8192
9879
9865
2773
7106
3630
96
5777
9754
7703
774
5062
6036
1336
3690
347
7788
7669
4841
7609
6890
6607
702
3499
8488
1658
536
9105
1329
6229
6518
9172
7207
1630
6801
4820
5201
7246
8694
4541
3551
9888
3710
4071
5356
912
140
1964
7519
5998
2499
2677
110
177
8658
9550
1423
7448
8061
9096
8412
860
6328
605
7971
9441
3954
30
3815
5995
5420
1128
3366
7678
2117
5381
2856
509
7139
7902
177
436
2624
6990
7475
4961
7711
1122
9299
3613
9881
909
7509
6185
2568
1480
231
7091
3600
9974
600
1112
2837
9222
5683
2819
6061
1250
7884
6804
9442
4020
3221
364
7524
6119
4029
5844
4937
59
3398
7773
7506
8675
4753
898
3995
73
6649
265
7790
7346
3032
8617
3958
2235
714
3590
2043
5714
4092
3751
910
898
16
5961
9602
8342
6112
8492
693
9502
5389
7307
1514
8703
2851
5705
2005
2053
7274
6455
386
7732
8556
5026
3202
2988
382
6665
5554
6571
3517
1964
3898
1884
4598
4591
8207
5821
6369
7582
9750
9918
2411
8075
2038
5077
1999
8420
1416
8959
257
2207
3982
7425
7015
839
1213
1676
7923
8144
3368
4383
5377
9429
1418
1239
58
9780
8640
4625
2515
1823
593
2703
9413
8483
4602
2121
7625
4821
4938
5115
5056
360
7463
157
4108
7147
636
9616
7407
6240
3600
5875
7214
1752
4835
677
1297
7561
3639
8918
7482
4897
6713
5750
8543
4612
2635
399
182
6434
6911
2094
2012
4484
466
6219
4433
9892
82
9387
3924
2300
9021
9627
8855
2791
4456
7085
3022
8132
7161
3295
2506
6730
1602
4694
5660
4229
4267
522
8936
1373
6954
2299
5240
8727
5633
2273
2025
4661
6484
1697
4647
7961
37
2635
5072
8472
4590
9440
6839
7577
9690
9169
5111
3500
8321
4371
1329
6311
8767
367
8757
6572
2079
4694
9177
6758
6841
2721
4825
2658
9285
9590
5147
3339
3610
4582
2013
9230
5272
5972
3454
2188
7598
5648
6517
685
6537
4065
4338
7825
7130
2114
7247
369
6003
723
6691
7989
750
4480
419
6399
5593
4782
7397
1477
6449
2034
3138
1036
3866
6060
9511
2863
1337
2704
4761
2959
1311
2965
6866
5893
1362
678
9468
1074
1385
6711
8953
1831
7027
5074
6653
8337
1893
8638
1273
3708
2255
465
948
6824
6857
2364
9543
5753
3215
1541
1830
7256
7590
9538
9606
3559
9802
5745
3824
2242
3862
5636
528
5713
14
2362
2442
1914
7532
4329
4090
3155
6870
4199
5254
8373
5416
1225
6066
5676
4820
4546
5567
6202
6450
6396
2994
1084
7493
597
7421
2037
9948
3633
7164
2070
130
7597
878
1087
179
5524
7293
7262
6683
7962
7372
486
3612
4357
9516
9436
7675
556
6538
8363
3400
5560
5689
9751
2601
7255
9896
2142
4850
9375
7856
3435
1058
9167
5245
7684
1421
5313
9286
8595
3858
3628
8154
913
4168
9639
3496
5566
7194
5239
3307
4398
2076
4617
1872
3101
7864
9355
1174
7923
4138
9140
9617
3107
452
9668
8139
4525
1374
3430
5544
4531
2238
6707
3700
5385
7809
8592
6219
9365
5395
8551
8084
22
816
579
9435
7154
2567
388
5930
4615
4520
291
8403
9331
3706
5552
9036
9902
3563
5591
9336
5237
5493
9776
3966
6642
25
390
1848
8966
2203
2847
8090
6521
9354
7338
7933
1449
618
7928
1991
1934
5648
8544
2617
5742
6537
8214
5909
3484
3400
4774
1481
1594
3098
5786
4588
4800
6967
4188
4388
3989
9287
4293
7282
1018
1902
3523
1899
8390
6310
7673
4499
8364
6551
9072
1960
169
9942
5771
5161
2505
3159
2745
4497
5753
576
1012
1603
887
3340
6342
1475
3333
9769
7755
7439
8765
3999
7729
393
6926
1597
6316
354
6693
1217
6918
8852
2279
179
2883
4795
3034
7038
2691
6594
8116
2861
2337
7494
7131
3902
2184
9769
9211
4822
3238
5029
8710
8465
7544
5434
1829
3891
4100
1254
5453
8800
1254
7904
1341
8437
1010
6849
5300
817
1976
64
1535
4739
8790
7433
8656
8721
6327
5785
4906
7330
7433
264
392
3353
8908
1267
1902
4430
1735
1493
4440
5819
4356
9729
3902
9168
2252
3871
8425
6195
9789
4112
6287
2535
1991
5088
4634
1336
1302
2792
6071
3121
3290
4508
5753
9946
3730
3447
4606
9857
1591
2449
602
6483
5365
6571
4159
1751
6452
5607
6654
9736
9365
8422
6151
3821
5319
6735
2605
5031
6362
9497
5621
4806
3883
2710
7804
2632
1357
1468
8792
8976
3129
8320
6247
2318
3228
3089
3428
8128
7167
6094
4984
8245
4164
2934
1500
2954
3884
8587
4141
2947
7445
4929
7704
7783
1345
8776
6917
9768
3970
6611
1969
9886
8145
5845
8563
5456
8205
3432
8656
3630
8321
9193
3449
3341
6047
243
658
864
1320
662
9086
9135
2717
7684
806
1415
8463
3960
7624
3838
5699
7939
7564
2416
3890
2436
1330
4731
4317
6419
855
8500
541
3579
1767
6117
2680
6914
5820
2691
5632
4694
9380
4271
2101
6901
6145
745
4395
4793
3977
3292
1078
798
8478
9995
5074
7361
9832
54
3871
4056
6350
728
5481
1592
2756
3696
2485
7414
638
4953
9160
4110
7811
3256
4962
4905
6157
6915
1159
2959
8940
3817
4638
1577
6986
7633
6435
9697
9849
1458
1303
7336
9705
9436
7111
2132
8694
3170
8810
6965
3310
8789
7459
3458
7167
9230
7319
8740
2863
2695
7080
4718
2469
8566
7008
6871
2821
9479
2442
151
1610
9957
9913
4570
7579
9845
3708
8355
9151
8256
8937
6064
2397
42
2438
854
6205
2307
4504
2553
6314
4842
9938
6042
3625
5001
9455
7950
306
7889
1210
5878
8637
1315
4266
8624
4393
4071
460
234
133
749
4088
9470
6145
2718
7110
4334
1551
6494
1465
1581
8339
8048
25
2584
3946
9877
3983
5983
4486
1123
6361
8484
5335
8911
9133
5871
9734
1606
9114
155
7275
2813
7898
4961
1006
1027
7300
8655
9002
368
3103
3332
2718
2877
4544
5482
4989
5295
2820
2577
3733
6209
1337
5828
8524
1293
1398
2299
3927
2246
8252
4332
6692
8533
7780
2910
5415
1167
6743
8571
3586
6895
8605
1313
7134
3541
5565
7414
5366
2090
2643
9302
5810
1375
2607
1483
417
705
1210
3079
8175
331
1540
2656
22
6425
1929
8472
3729
6276
9250
808
780
5246
7703
4073
3191
6012
386
9887
3577
6043
6174
7939
5825
3648
9791
2715
4600
769
3388
3768
4627
7785
2023
9771
9684
2972
7453
8100
2703
1127
9672
3449
6490
2562
2561
1376
2926
1382
6147
6313
7771
1429
8652
8779
6823
5082
3852
5049
5351
3374
4432
3329
8182
4948
3448
129
4818
7122
5092
5974
8950
3644
9118
5778
4674
1374
9952
281
1495
6038
3334
2681
3054
1036
1662
4227
4968
496
332
890
9952
1086
7898
1367
237
2911
8701
615
6500
2159
5874
2993
1770
615
5431
136
1702
1559
7175
4585
4469
9666
5405
2113
4791
9877
906
5055
71
4789
6993
5665
1512
6052
6447
4478
6747
3520
6904
6207
8093
6776
9900
1099
5069
2124
5225
9629
9436
7952
970
5236
9676
6540
6253
7975
523
9955
7683
9122
6121
6366
2048
610
8564
5237
8482
1401
117
8297
3166
3215
6899
4337
3413
7445
9254
6527
4694
6103
9510
8845
3006
4925
3394
57
6618
46
7612
6843
2541
3698
3633
3647
4909
7793
3270
1348
1463
7293
8111
4096
4291
7434
4329
3229
8818
9318
7607
2387
4819
2072
3626
963
2694
3657
392
4206
8328
8169
1535
8256
5357
8480
2820
5932
1163
3539
2772
1029
3586
9502
2939
1191
5242
7044
8451
2704
6758
784
884
3534
2516
4806
5994
37
5894
6732
3749
7325
6554
1806
2601
1734
8389
1283
6821
5594
1023
8554
9137
1325
120
4224
5616
115
8057
5025
5061
6974
6549
8199
866
258
6301
6132
3548
4088
5410
3577
1082
4699
2598
7057
6828
6082
9548
6173
3865
1786
7406
6588
688
7184
5532
4790
7648
7160
3138
1845
7347
6684
6787
4753
7653
6469
8721
8983
1010
6895
4543
7365
2574
5196
6574
7700
5390
3800
4979
6162
1379
7379
7481
603
55
1696
5683
708
1776
4970
8666
2948
6097
3230
5252
3040
8624
25
6950
2369
6562
2414
8096
2643
2578
6740
630
189
6321
9034
4448
2008
5384
104
3047
4781
8185
1972
5807
8464
2627
4637
2260
291
7427
7623
8173
8312
6551
7395
2030
9447
1423
9258
9017
1864
3965
423
2884
7934
9387
3822
7110
3665
3595
573
4234
4982
4137
1389
1270
2940
5597
996
3462
2325
5645
1387
8657
7183
7616
551
8862
1310
3549
5302
1551
56
8753
5208
122
5213
8623
9848
1833
9745
9345
7221
9336
6792
8141
5601
6811
9788
2947
9429
3186
7902
2819
9167
2725
9703
4924
5353
3209
6569
3615
2359
4741
3799
1474
3165
5822
6589
1680
2139
3325
7742
30
1766
4451
7576
7720
9507
9635
3830
6233
5859
93
4162
2410
9846
859
7716
4641
2301
6612
8556
7691
3680
1375
1048
2485
3400
8690
5010
4148
7339
3879
4138
6501
8882
6415
571
7902
1624
8977
1100
9602
2849
3243
5637
7028
1140
809
3068
323
1479
3732
4539
7732
6934
5521
3504
1294
7471
1930
3793
3374
1213
3370
7993
6858
5454
3666
2980
4626
3075
6809
7058
6723
660
4368
44
6486
1758
9555
7489
6341
7979
7723
9034
7822
6491
1040
6994
7952
9844
6812
8908
1857
1668
8779
9824
3074
4990
3342
1654
9402
8441
2447
3726
2223
1697
2655
5289
100
3511
5579
5047
5740
6108
6157
6430
5533
8358
319
9939
7295
3484
4122
7049
3667
9124
2780
3139
4721
3366
9720
8183
9049
5821
9112
2162
2171
7210
8333
7634
1043
6276
3959
7219
9068
4080
7680
3930
9029
5352
4114
4423
2064
492
6281
7643
4199
3346
5379
8438
9178
1626
5364
3323
2099
643
8855
4818
7307
8212
7006
8490
7653
3976
810
6873
7639
4777
6502
1233
4698
8583
6206
8866
5223
566
9229
6998
2017
1265
275
812
6241
2814
5494
6372
284
448
8624
4052
4369
7011
6310
3189
5039
5176
7976
3933
7780
9709
7636
6761
2416
1879
6325
6951
4935
2766
378
46
261
6678
4145
6490
27
3974
2113
4840
8568
583
5639
6042
5588
939
7912
2039
8102
103
5062
5490
1253
798
1854
741
2155
3451
4253
5579
1317
3210
9987
9623
3095
3764
9712
7316
2700
5958
8907
5273
139
9245
5665
8984
6390
8592
4666
6996
7676
9577
887
9357
9502
897
312
7546
1999
5927
2314
7057
4084
2413
9549
1589
650
2352
5508
5245
775
1921
1174
2621
1017
4245
6001
4931
7499
7445
2846
6033
2566
3203
2287
1122
8548
5786
9973
1114
1024
5504
1614
3150
1977
8699
4412
7485
9012
7949
2001
6538
673
8221
3830
3591
2198
1827
7851
5903
4440
1968
3449
9600
1993
8392
5987
7476
4043
301
3162
7995
3586
6633
463
4310
3079
7479
5300
1138
5176
9999
9948
8670
7661
3052
5393
8411
3302
2748
7876
4464
7777
6067
2094
4663
7575
6892
517
6568
4406
4062
7915
7935
4009
5014
7345
6988
6915
7543
2312
4695
4218
2891
3352
8830
8640
2084
3673
4829
4702
275
879
3289
5225
1316
9747
8121
8438
4980
1211
7457
3865
6049
9756
8444
8089
5180
8774
853
8384
2397
6750
1314
5087
9908
3577
9598
4670
5479
6515
2274
5616
9229
4640
831
980
4101
9466
634
3145
3732
1593
5652
1945
2297
624
3253
3110
2735
4548
6661
643
1198
2840
6327
6841
3454
899
802
6393
6378
2355
3789
5281
5053
5627
1510
5032
3147
200
654
8403
3902
1489
7621
7450
7852
7469
2990
9397
2129
9630
6863
9007
6623
1755
7896
7981
6462
5451
5853
7448
6305
5133
7185
3733
3927
5093
6593
3334
1371
7553
618
10
73
729
5288
6879
2908
3269
8812
5656
5449
3432
2280
1097
1506
122
9675
1759
1016
5476
6020
9821
144
2420
3028
8369
5616
4417
5013
1620
8103
3480
7120
4208
214
6596
9248
6525
9439
7037
1889
7748
4840
1143
4212
1525
1356
3531
3890
3635
8030
3218
2826
4492
9931
734
7369
6471
9243
3283
3925
70
5652
1074
5958
6827
8171
7127
2098
8183
9303
9768
7619
9485
8788
5278
8150
5654
1169
8992
7379
3773
4279
5418
2980
2138
4566
5949
8485
8108
4509
5472
3798
671
1765
980
3727
1758
3452
1685
4129
6658
3785
9372
8517
3080
8384
1041
7395
3312
6356
1710
7105
6273
5876
9551
4134
5595
6452
9830
1194
3109
297
3834
540
6388
9008
9375
2655
8285
7451
8194
2658
753
4617
7899
9947
5399
7313
4612
9215
5224
3259
7849
9568
2500
5467
7509
4932
6850
9595
6380
2349
3940
8852
56
2971
313
6520
1114
3754
3163
2527
6962
8441
1721
75
9642
7241
1984
202
2540
6317
3042
9433
1732
1460
6680
2224
9489
1425
8499
3677
532
3091
8078
8160
9131
6518
8384
1392
4424
6725
1422
201
5497
4649
9661
9731
6941
8483
3221
8208
7708
7346
1153
689
7157
2450
6418
7429
8965
1425
6211
9600
1251
1327
2632
4500
5929
4961
6688
1486
892
194
8521
463
44
8471
9138
757
8615
4909
9228
5670
6409
3506
5737
2377
5022
4620
4535
993
7879
8746
9174
54
2507
3685
2100
2241
1877
8402
4075
5156
3243
2231
1920
1013
7166
8919
988
181
4477
3452
1479
6832
1989
6912
1136
2131
4132
8632
3241
9893
1147
4558
1551
4388
1248
2281
5688
1117
9139
7387
7605
9720
2985
6599
5895
301
1108
2669
9694
4919
5860
9603
2076
8099
5014
9665
2391
388
4666
5593
7758
3095
2195
2290
2051
6622
3368
9072
454
8044
1399
2449
4259
3180
441
3062
1298
5246
8497
3404
1548
5998
9645
534
7181
8594
943
6537
5237
9665
8470
2947
9432
3803
2421
5049
1669
9512
1125
3260
4020
1809
9302
9799
8985
9157
9121
4248
2085
1657
6121
5544
5547
688
5615
5833
4448
3426
6213
7307
2251
2540
2010
8778
5725
3588
2612
6584
1306
3654
6812
7235
1349
8672
4387
6898
6314
8855
7059
4673
8676
2996
9696
8775
7903
4095
7165
4976
2727
2678
5354
5548
9984
6522
3451
6483
5103
9398
6404
5715
4981
4524
4225
2727
7308
2718
386
5126
9386
694
3444
9286
787
8323
170
603
2811
5968
8170
9583
3064
6626
164
5295
614
2207
6861
6096
6916
5141
3946
3357
1035
782
4488
6446
2495
3470
2072
7862
6878
6038
327
1209
3446
2089
6556
4184
7907
743
3227
6875
2918
6683
5447
2154
5265
2910
1603
8695
5358
7911
6649
7611
7040
1456
8868
8764
4017
5429
3352
9191
9226
6363
9618
3600
9777
426
761
3364
5852
5369
4852
8983
1669
2693
3157
5246
3878
7469
9555
2859
179
3373
8501
3201
118
3573
5002
7155
8470
4998
3734
2605
5585
4504
7991
5422
7912
7514
2726
2033
4250
8616
3240
2518
6520
1234
3940
6178
3896
991
5871
1504
2421
4045
4003
1682
3556
5843
3758
3768
3521
7445
519
331
8072
4771
9659
1079
4543
9263
3781
7059
2640
1816
6637
2110
3461
3112
2599
6136
8220
5127
2044
5370
7850
7546
9830
723
700
7372
1268
7616
9112
5847
3821
9958
5106
3486
9890
4095
2730
6250
1260
1888
1475
3791
4133
1491
4975
1851
962
7301
3046
4410
6158
2285
693
7737
6770
8488
6098
5141
9840
2781
2542
5471
7326
738
2852
5567
6384
3835
9054
9393
5919
1945
4518
3552
5557
8551
1738
7726
9146
9692
7417
9405
1784
6734
4378
5021
8219
8980
5691
1106
1333
8549
9655
145
6462
834
5761
5304
3160
4253
6781
1223
3312
3429
7694
5439
7440
7135
378
7269
690
8675
2921
4162
5023
5200
3404
346
710
1676
4235
9815
7528
9067
8967
2306
3119
603
5214
350
3247
2171
3916
7185
7045
1062
8782
1087
540
5376
499
5732
8798
1419
4155
5902
5591
4518
3025
2021
8166
1043
6373
9304
253
2356
2
6790
5223
7761
5502
3557
6585
2168
4432
5250
3265
7601
7083
6534
4379
9949
601
2193
2675
6043
7315
5349
6996
7894
3020
4466
5615
7775
3054
8041
5799
3314
9292
1951
7305
4935
614
6257
1322
9928
859
143
8920
9482
1225
2502
3346
3226
5967
3965
6036
517
7924
3883
762
8387
5377
9779
2037
721
8073
8670
2748
8779
7625
4532
394
7218
5529
8454
6677
3279
4530
8586
3839
3268
1531
9012
8053
9051
9916
9198
5717
8718
7635
9460
1500
7362
788
1118
1725
544
2538
7803
5838
2929
6973
86
2093
8582
8444
456
3664
3441
826
7274
345
2836
5941
7636
4472
2356
5377
7831
5034
6377
9091
1236
9808
1349
4457
9015
8426
9598
5943
3683
546
5818
6780
683
566
6406
7507
4122
205
9379
7605
5632
8458
1949
6844
778
5758
9161
531
8845
7368
8635
4457
2014
1287
226
9780
6801
8945
8000
4209
5180
4652
1177
1690
4647
5881
5815
5649
146
464
4248
4873
1187
1335
5685
6995
6026
2668
8655
8550
8707
4498
6680
2136
3048
2584
2859
521
1552
8580
9578
6111
5944
9567
9106
4171
8028
9850
5645
9114
7651
3039
6707
5864
4308
8178
9950
2576
4568
3958
2953
4094
5166
6924
5859
3381
6660
3542
1366
1676
5209
2377
2239
1378
6381
5953
7353
7635
5425
3230
6235
435
5232
8893
2570
5848
1097
1857
6332
2756
3048
6320
8811
6623
352
9882
4769
739
6632
3668
9190
8833
8383
7395
2692
9633
4301
1796
995
9046
8055
4120
2374
9568
8094
3565
368
331
7285
9528
4916
8165
4894
5117
793
5053
304
6753
4054
1927
8294
9191
6031
4460
7991
7015
6524
4910
685
7485
1522
2840
9172
1965
3473
5956
5554
68
3610
1111
4989
8777
1610
6679
4141
4787
8151
6396
8128
3700
1461
948
35
6307
7414
5393
3108
8152
3580
8173
2369
8880
7164
5278
9692
7216
4433
7812
2878
2405
1546
8078
5892
9610
8850
5533
9675
3556
8569
4929
7364
7112
9571
3695
8035
4076
5693
4548
9114
5098
1400
6243
7005
9136
1796
9290
7378
5781
4682
5843
5383
2486
4742
4278
5391
2766
9871
2524
74
661
3044
6286
2640
4031
1412
5388
2538
9861
7594
1945
2766
7089
8420
9779
4133
7586
9422
9633
5306
3600
1424
9862
4977
2249
7392
4018
7761
2122
133
1639
9007
5049
4666
9256
7689
2815
3339
2494
9116
4547
7520
900
4739
4386
6307
5794
5821
3850
2782
3128
2249
6005
2006
8768
720
3
1742
4230
526
9777
3946
3315
2047
7526
5153
9796
9843
299
4989
5545
6877
3690
4947
9066
5806
8079
9225
7332
9640
8876
7657
6497
6674
9097
625
3414
2903
5752
6419
7125
4315
631
2016
6419
380
3566
6908
7332
8240
952
1774
7378
1793
7758
2871
3565
354
5583
6700
7804
396
6748
9281
9297
1849
5903
1188
7563
7372
7900
2404
5973
9211
6128
5964
2028
5131
9446
8367
6942
2982
904
9169
2269
7787
67
8448
1106
6499
915
14
607
8779
2477
3644
9853
1859
1724
7476
8772
4306
2594
9267
5001
6595
64
6465
5409
4800
9986
3119
4628
3529
3841
4011
9549
5649
3676
1299
2190
7878
1489
9252
2448
9595
3268
2781
871
8723
6146
9333
4788
9132
2688
9990
5125
8422
6396
7540
6023
9791
6901
1230
7659
5340
4471
7584
8119
1589
2590
5634
8403
270
7804
2113
4787
1502
5893
1176
7125
1246
1543
7915
8928
4128
3800
3215
9213
104
8167
2585
6801
1003
3365
8130
3416
9283
6684
8419
4622
9981
5309
3699
166
32
5304
8906
1566
9033
2820
753
2809
4151
7295
8985
6380
9568
8239
2324
2357
9070
2086
8307
2260
6202
2692
8397
3294
9411
3766
4185
2390
3851
2813
3977
396
5343
2538
2019
7058
4368
9044
2508
3801
5299
5084
1491
8667
5441
8728
7480
9793
3275
7868
535
7652
7999
4183
6165
7008
8911
7880
6118
8645
8740
2545
8952
375
8447
6196
8735
1654
8551
5099
8494
4872
5892
9796
9599
3505
135
1880
719
1588
4452
4989
3337
1668
7597
513
5837
4532
7948
7015
6877
4348
668
4942
2100
9661
5301
1517
6771
9643
5298
1451
5850
7337
5121
5258
6479
6467
4022
3108
5901
9700
492
5149
4476
2760
8393
5672
6841
2204
6285
4854
2019
5842
8279
4200
6194
5616
1620
9430
3283
4120
6005
2857
8483
3554
2379
8290
7912
6277
1090
6941
2647
1669
5143
4032
5253
6310
4520
8222
9518
3774
5782
9993
3003
4665
4633
6995
2852
9558
8097
8389
4578
9166
4644
6808
2687
2661
2985
3009
2109
2730
2767
9610
2304
8441
6970
2299
4664
6351
4524
6056
5854
9949
1324
5252
8411
1861
6822
7331
5984
5361
7551
8221
1189
1988
3858
46
3105
4120
4172
6138
7587
7430
5073
3374
7083
4501
5625
465
2664
2745
2826
7290
2431
